     0.00716574
      0.0308579
      0.0389617
      0.0387961
      0.0369363
      0.0340966
      0.0279596
      0.0235177
      0.0191728
      0.0165545
      0.0141531
      0.0177929
      0.0224536
      0.0251189
      0.0328989
       0.027858
      0.0320495
      0.0262001
      0.0237702
      0.0207434
      0.0195746
      0.0174985
      0.0169661
       0.153243
       0.156639
       0.248747
       0.019233
       0.314022
      0.0171546
      0.0822589
      0.0146239
      0.0140097
      0.0110655
      0.0119064
      0.0749946
      0.0103028
       0.148977
       0.127061
       0.010637
      0.0396324
     0.00942097
     0.00778271
      0.0728151
     0.00723232
     0.00711986
      0.0064358
      0.0358168
     0.00586806
     0.00633285
     0.00642767
     0.00602538
      0.0997258
      0.0483382
      0.0250118
      0.0482434
     0.00437512
     0.00383569
      0.0175263
      0.0237458
     0.00405824
      0.0469032
      0.0169146
      0.0126583
     0.00321782
      0.0030444
     0.00301481
     0.00867924
     0.00267904
     0.00212846
       0.011348
     0.00859402
     0.00219065
     0.00204448
     0.00203973
     0.00822694
     0.00176896
      0.0017145
     0.00162673
     0.00133946
     0.00551899
       0.021253
      0.0147779
     0.00120208
     0.00532967
     0.00119515
      0.0010989
      0.0165301
     0.00383964
     0.00513996
    0.000802786
    0.000845644
     0.00279144
      0.0007774
     0.00501624
     0.00070288
    0.000699735
    0.000712997
    0.000639896
    0.000646281
     0.00485162
     0.00683118
     0.00975145
     0.00135297
     0.00472538
    0.000349633
    0.000399859
    0.000394127
     0.00171066
    0.000405364
     0.00168822
    0.000422516
    0.000331149
    0.000325594
     0.00120015
    0.000273687
    0.000245966
    0.000230091
    0.000219144
     0.00409426
     0.00157847
    0.000206452
    0.000194198
     0.00403113
     0.00352509
    0.000619779
    0.000155611
     0.00307374
     0.00241887
    0.000431513
    0.000751389
    0.000138673
    0.000706259
    0.000565655
    0.000121049
    0.000110114
    0.000301356
      8.822e-05
    0.000724718
    0.000714308
    0.000474923
    0.000517813
     8.8801e-05
    8.70705e-05
    8.20097e-05
    0.000372957
    0.000263524
    6.72093e-05
     5.8905e-05
    5.41633e-05
    5.35727e-05
     0.00010643
     0.00111281
    0.000137291
    0.000948483
    0.000339992
    0.000247765
    5.11896e-05
    4.98729e-05
    4.08827e-05
    0.000850663
     0.00010112
     0.00033673
    4.12223e-05
    3.20022e-05
    3.49657e-05
    0.000156215
    3.03639e-05
    3.39379e-05
    7.08852e-05
    2.69354e-05
     2.8401e-05
    2.36216e-05
    2.21799e-05
    1.65692e-05
    7.81341e-05
    0.000138625
    5.88933e-05
    0.000155932
    4.55797e-05
     4.6562e-05
    7.69142e-05
    0.000219305
    7.02982e-05
    9.76279e-05
    7.38054e-05
    0.000434632
     7.0879e-05
    2.03751e-05
    1.07091e-05
     3.2969e-05
    0.000113177
    0.000155409
    8.59564e-06
     6.8767e-05
    9.78229e-05
    5.97711e-06
     5.4383e-06
    5.94057e-06
    7.06954e-05
    5.52924e-06
    5.16317e-06
    6.42149e-06
    1.07808e-05
    5.29653e-06
    0.000220543
    4.74543e-06
    4.14113e-06
    4.08988e-06
      3.332e-06
    3.08691e-06
    2.69886e-06
    5.85424e-06
     1.1767e-05
    4.58716e-05
    6.62276e-05
    2.87566e-06
    1.18658e-05
    6.64511e-06
     2.9284e-06
    0.000202922
    1.53399e-05
    0.000137587
    1.85471e-06
    6.00366e-06
    9.90899e-06
    1.16733e-05
    1.89597e-06
    2.43626e-06
    7.79471e-06
    1.65987e-05
    2.61022e-06
    1.57054e-06
    1.45722e-06
    4.50771e-05
    4.42309e-05
    1.49074e-06
    1.50539e-06
    1.36457e-06
    8.81754e-06
    1.78786e-05
    2.12896e-05
     1.7463e-06
    9.52569e-07
    4.27228e-05
    2.94033e-05
    6.52141e-07
     7.0046e-07
    2.03606e-06
    3.20825e-05
    8.33858e-07
    2.05961e-05
    1.13031e-05
    1.22729e-06
    1.12306e-06
    7.28072e-07
    1.00332e-06
    2.36649e-06
    3.20471e-06
    4.70631e-06
    4.58119e-07
    4.71099e-07
    4.22731e-07
    4.27737e-07
    6.59196e-06
    4.70921e-07
    5.74889e-07
    3.82461e-07
    3.19808e-07
    4.68426e-06
    3.37829e-07
    3.44249e-07
    2.24903e-06
    3.09338e-07
    1.01403e-06
    3.28961e-07
    2.46163e-07
    4.35252e-07
    1.93525e-07
    1.89291e-07
    1.82802e-07
    1.81846e-07
    5.71254e-07
    1.56145e-07
    1.72375e-07
    5.43028e-07
    7.14587e-07
    1.57355e-07
    6.01043e-07
    4.18004e-07
    1.51376e-06
    2.56228e-07
    4.29528e-07
    8.61811e-08
     2.2772e-07
     1.0147e-07
      9.784e-08
    8.62852e-07
    1.05001e-07
    1.19819e-07
    8.00221e-08
    7.86803e-08
    2.04065e-07
    1.00338e-06
     1.3716e-06
    3.02201e-07
    1.37024e-06
    1.38551e-06
    1.33572e-07
    1.27279e-07
     2.4607e-07
    2.10344e-06
    4.57524e-08
    4.25741e-08
    5.43135e-08
    3.74553e-07
    3.48855e-08
    2.49984e-07
     5.1416e-08
    4.34304e-08
    3.63896e-08
    7.22562e-08
    3.92944e-08
    3.38964e-07
    3.15781e-08
    2.17486e-07
    2.53189e-08
    2.46923e-08
    2.14398e-07
    6.27554e-08
     2.6784e-08
    2.33643e-08
    2.33553e-08
    2.23167e-08
    2.41238e-08
    2.01939e-08
    2.13912e-08
    1.64183e-08
    4.44805e-07
    1.44681e-08
     1.3113e-08
    1.66207e-08
    1.33679e-08
    1.55013e-07
     1.4493e-08
    2.75453e-08
    2.69431e-08
    1.57259e-08
    1.19688e-08
    1.23901e-08
    2.20174e-08
    7.99744e-09
    7.51571e-09
    8.45668e-09
    9.34642e-09
    1.67977e-08
    1.41848e-08
    8.06593e-09
    7.32265e-09
    7.23929e-09
    1.23406e-08
    6.11415e-09
    6.29881e-09
    4.84857e-09
    6.38328e-09
    4.95753e-09
    6.53509e-09
    6.45635e-08
    4.59446e-08
    7.66871e-09
    4.92829e-09
    1.07966e-08
    4.59392e-09
    6.74497e-09
    4.59719e-09
    2.91927e-09
    2.91685e-09
    4.78031e-09
    3.35735e-09
    3.87555e-09
    3.44686e-09
    3.29314e-09
    3.08742e-09
    3.52943e-09
     4.4894e-09
    3.03189e-08
    3.30349e-09
    1.99105e-09
    2.60013e-09
    1.82724e-09
    2.64855e-09
     2.0922e-09
    2.30991e-09
    2.52696e-09
    1.86065e-09
     2.1516e-09
    5.60435e-09
    1.54845e-09
    1.39845e-08
    1.12035e-09
    1.18052e-09
     1.9477e-09
    1.54723e-09
     1.9318e-09
    1.44048e-09
    1.27406e-09
    1.18323e-09
    9.67883e-10
    2.91166e-09
    8.09865e-10
    7.89293e-10
    1.10941e-09
    9.38012e-09
    1.16331e-09
    4.80163e-09
    1.06196e-09
    7.26671e-10
    8.50478e-10
    7.33181e-10
    5.22388e-09
     5.1796e-10
     4.8223e-10
    4.21244e-10
    1.73738e-09
    1.86732e-09
    5.49254e-10
    7.02938e-10
     6.1745e-10
    6.09767e-10
     5.1078e-10
    5.02619e-10
    3.69586e-10
    3.24803e-10
    2.79757e-10
    2.40096e-10
    4.61021e-10
     2.9489e-10
    5.52624e-10
    3.33072e-10
    1.71598e-09
    3.91805e-10
     3.1395e-10
    3.26521e-10
    2.35265e-10
    2.19196e-10
    1.77847e-10
    1.60042e-10
     1.8108e-10
    2.71959e-10
    2.34181e-10
    2.70008e-10
    2.38261e-10
    2.62668e-10
    1.86444e-10
     2.0212e-10
    1.45238e-10
     1.2866e-10
    1.04905e-10
    1.94755e-10
    1.31524e-10
    1.89662e-10
    1.83745e-10
     2.3792e-10
    1.44189e-10
    1.92817e-10
    1.17114e-10
    1.39352e-10
    9.52835e-11
    8.18605e-11
    6.66326e-11
    8.37278e-11
    7.12586e-11
    1.37279e-10
    1.98259e-09
    1.15795e-10
       1.35e-09
    9.64868e-11
    7.08577e-11
    7.24167e-11
    5.39813e-11
    4.58866e-11
    8.01168e-11
    9.04158e-11
    5.67228e-11
    1.15053e-10
     6.4796e-11
    1.00399e-10
     5.6227e-11
    8.21209e-11
    4.68687e-11
    4.73949e-11
    3.23437e-11
     2.5909e-11
    2.28578e-11
     2.6475e-11
    2.77062e-09
    4.77422e-11
    4.98074e-11
    4.39351e-11
    3.42679e-11
    3.17766e-11
    2.50836e-11
    2.13006e-11
    1.71418e-11
    1.40335e-11
    7.10915e-11
    2.50749e-11
    3.90562e-11
    3.35458e-11
    2.60424e-11
    3.87364e-11
    2.96844e-11
    3.41176e-11
    2.25304e-11
    1.60541e-11
    1.29914e-11
    1.00646e-11
    1.24795e-11
    1.09822e-11
     2.0458e-11
    1.55808e-11
    1.91661e-11
    1.34668e-11
    1.15671e-11
    9.04854e-12
    7.32289e-12
    5.83417e-12
    4.67626e-12
    3.73806e-12
    1.27871e-11
    5.96224e-12
    1.84589e-11
    9.61482e-12
    1.24549e-11
    7.92053e-12
    6.57895e-12
    5.08008e-12
    4.07881e-12
    3.24461e-12
    2.59677e-12
    2.07541e-12
    3.68768e-12
    4.85555e-12
    6.09022e-12
    5.42421e-12
    5.52317e-12
    4.27995e-12
     3.5972e-12
    2.85385e-12
    2.30489e-12
    1.84064e-12
    1.47514e-12
    1.17969e-12
    5.47359e-12
     5.4858e-12
    3.63697e-12
    3.13402e-12
    2.44169e-12
    1.97132e-12
    1.56912e-12
    1.25652e-12
    1.00417e-12
    8.03391e-13
    6.42572e-13
    1.45146e-12
    1.38375e-12
     2.0449e-12
    1.80142e-12
    1.69039e-12
    1.36261e-12
    1.12656e-12
    9.01723e-13
    7.26141e-13
    5.80911e-13
    4.65323e-13
    3.72254e-13
    2.39233e-12
     1.0015e-12
    2.49825e-12
    1.29647e-12
    1.24796e-12
    9.33923e-13
    7.66688e-13
    6.06269e-13
    4.86853e-13
    3.88642e-13
    3.11091e-13
     2.4877e-13
     6.3249e-13
    6.08909e-13
    6.26065e-13
    5.07383e-13
    4.26685e-13
    3.41668e-13
     2.7607e-13
    2.20858e-13
    1.77029e-13
    1.41621e-13
    1.13338e-13
    9.06702e-14
    7.25412e-14
    5.80329e-14
    4.64269e-14
    3.71415e-14
    2.97133e-14
    2.37706e-14
    1.90165e-14
    1.52132e-14
    1.21706e-14
    9.73645e-15
    7.78916e-15
    6.23133e-15
    4.98506e-15
    3.98805e-15
    3.19044e-15
    2.55235e-15
    2.04188e-15
    1.63351e-15
     1.3068e-15
    1.04544e-15
    8.36355e-16
    6.69084e-16
    5.35267e-16
    4.28214e-16
    3.42571e-16
    2.74057e-16
    2.19245e-16
    1.75396e-16
    1.40317e-16
    1.12254e-16
    8.98029e-17
    7.18423e-17
    5.74739e-17
    4.59791e-17
    3.67833e-17
    2.94266e-17
    2.35413e-17
     1.8833e-17
    1.50664e-17
    1.20531e-17
    9.64251e-18
    7.71401e-18
    6.17121e-18
    4.93697e-18
    3.94957e-18
    3.15966e-18
    2.52773e-18
    2.02218e-18
    1.61775e-18
     1.2942e-18
    1.03536e-18
    8.28286e-19
    6.62628e-19
    5.30103e-19
    4.24082e-19
    3.39266e-19
    2.71413e-19
     2.1713e-19
    1.73704e-19
    1.38963e-19
    1.11171e-19
    8.89365e-20
    7.11492e-20
    5.69194e-20
    4.55355e-20
    3.64284e-20
    2.91427e-20
    2.33142e-20
    1.86513e-20
    1.49211e-20
    1.19369e-20
    9.54948e-21
    7.63959e-21
    6.11167e-21
    4.88933e-21
    3.91147e-21
    3.12917e-21
    2.50334e-21
    2.00267e-21
    1.60214e-21
    1.28171e-21
    1.02537e-21
    8.20294e-22
    6.56235e-22
    5.24988e-22
    4.19991e-22
    3.35993e-22
    2.68794e-22
    2.15035e-22
    1.72028e-22
    1.37623e-22
    1.10098e-22
    8.80784e-23
    7.04627e-23
    5.63702e-23
    4.50962e-23
    3.60769e-23
    2.88615e-23
    2.30892e-23
    1.84714e-23
    1.47771e-23
    1.18217e-23
    9.45735e-24
    7.56588e-24
     6.0527e-24
    4.84216e-24
    3.87373e-24
    3.09898e-24
    2.47919e-24
    1.98335e-24
    1.58668e-24
    1.26934e-24
    1.01547e-24
     8.1238e-25
    6.49904e-25
    5.19923e-25
    4.15939e-25
    3.32751e-25
    2.66201e-25
    2.12961e-25
    1.70368e-25
    1.36295e-25
    1.09036e-25
    8.72286e-26
    6.97829e-26
    5.58263e-26
    4.46611e-26
    3.57288e-26
    2.85831e-26
    2.28665e-26
    1.82932e-26
    1.46345e-26
    1.17076e-26
     9.3661e-27
    7.49288e-27
    5.99431e-27
    4.79544e-27
    3.83636e-27
    3.06908e-27
    2.45527e-27
    1.96421e-27
    1.57137e-27
     1.2571e-27
    1.00568e-27
    8.04542e-28
    6.43634e-28
    5.14907e-28
    4.11926e-28
     3.2954e-28
    2.63632e-28
    2.10906e-28
    1.68725e-28
     1.3498e-28
    1.07984e-28
     8.6387e-29
    6.91096e-29
    5.52877e-29
    4.42302e-29
    3.53841e-29
    2.83073e-29
    2.26458e-29
    1.81167e-29
    1.44933e-29
    1.15947e-29
    9.27574e-30
    7.42059e-30
    5.93647e-30
    4.74918e-30
    3.79934e-30
    3.03947e-30
    2.43158e-30
    1.94526e-30
    1.55621e-30
    1.24497e-30
    9.95975e-31
     7.9678e-31
    6.37424e-31
    5.09939e-31
    4.07951e-31
    3.26361e-31
    2.61089e-31
    2.08871e-31
    1.67097e-31
    1.33677e-31
    1.06942e-31
    8.55536e-32
    6.84429e-32
    5.47543e-32
    4.38034e-32
    3.50427e-32
    2.80342e-32
    2.24274e-32
    1.79419e-32
    1.43535e-32
    1.14828e-32
    9.18624e-33
      7.349e-33
     5.8792e-33
    4.70336e-33
    3.76269e-33
    3.01015e-33
    2.40812e-33
     1.9265e-33
     1.5412e-33
    1.23296e-33
    9.86365e-34
    7.89092e-34
    6.31274e-34
    5.05019e-34
    4.04015e-34
    3.23212e-34
     2.5857e-34
    2.06856e-34
    1.65485e-34
    1.32388e-34
     1.0591e-34
    8.47281e-35
    6.77825e-35
     5.4226e-35
    4.33808e-35
    3.47046e-35
    2.77637e-35
     2.2211e-35
    1.77688e-35
     1.4215e-35
     1.1372e-35
    9.09761e-36
    7.27809e-36
    5.82247e-36
    4.65798e-36
    3.72638e-36
    2.98111e-36
    2.38489e-36
    1.90791e-36
    1.52633e-36
    1.22106e-36
    9.76849e-37
    7.81479e-37
    6.25183e-37
    5.00147e-37
    4.00117e-37
    3.20094e-37
    2.56075e-37
     2.0486e-37
    1.63888e-37
     1.3111e-37
    1.04888e-37
    8.39107e-38
    6.71285e-38
    5.37028e-38
    4.29623e-38
    3.43698e-38
    2.74959e-38
    2.19967e-38
    1.75973e-38
    1.40779e-38
    1.12623e-38
    9.00984e-39
    7.20787e-39
     5.7663e-39
    4.61304e-39
    3.69043e-39
    2.95234e-39
    2.36188e-39
     1.8895e-39
     1.5116e-39
    1.20928e-39
    9.67424e-40
    7.73939e-40
    6.19151e-40
    4.95321e-40
    3.96257e-40
    3.17006e-40
    2.53604e-40
    2.02884e-40
    1.62307e-40
    1.29845e-40
    1.03876e-40
    8.31011e-41
    6.64809e-41
    5.31847e-41
    4.25478e-41
    3.40382e-41
    2.72306e-41
    2.17845e-41
    1.74276e-41
    1.39421e-41
    1.11536e-41
    8.92291e-42
    7.13833e-42
    5.71066e-42
    4.56853e-42
    3.65482e-42
    2.92386e-42
    2.33909e-42
    1.87127e-42
    1.49702e-42
    1.19761e-42
     9.5809e-43
    7.66472e-43
    6.13178e-43
    4.90542e-43
    3.92434e-43
    3.13947e-43
    2.51158e-43
    2.00926e-43
    1.60741e-43
    1.28593e-43
    1.02874e-43
    8.22993e-44
    6.58395e-44
    5.26716e-44
    4.21373e-44
    3.37098e-44
    2.69678e-44
    2.15743e-44
    1.72594e-44
    1.38075e-44
     1.1046e-44
    8.83682e-45
    7.06946e-45
    5.65557e-45
    4.52445e-45
    3.61956e-45
    2.89565e-45
    2.31652e-45
    1.85322e-45
    1.48257e-45
    1.18606e-45
    9.48847e-46
    7.59077e-46
    6.07262e-46
    4.85809e-46
    3.88648e-46
    3.10918e-46
    2.48734e-46
    1.98988e-46
     1.5919e-46
    1.27352e-46
    1.01882e-46
    8.15053e-47
    6.52042e-47
    5.21634e-47
    4.17307e-47
    3.33846e-47
    2.67077e-47
    2.13661e-47
    1.70929e-47
    1.36743e-47
    1.09395e-47
    8.75157e-48
    7.00125e-48
      5.601e-48
     4.4808e-48
    3.58464e-48
    2.86771e-48
    2.29417e-48
    1.83534e-48
    1.46827e-48
    1.17462e-48
    9.39692e-49
    7.51754e-49
    6.01403e-49
    4.81122e-49
    3.84898e-49
    3.07918e-49
    2.46335e-49
    1.97068e-49
    1.57654e-49
    1.26123e-49
    1.00899e-49
    8.07189e-50
    6.45751e-50
    5.16601e-50
    4.13281e-50
    3.30625e-50
      2.645e-50
      2.116e-50
     1.6928e-50
    1.35424e-50
    1.08339e-50
    8.66713e-51
     6.9337e-51
    5.54696e-51
    4.43757e-51
    3.55006e-51
    2.84004e-51
    2.27204e-51
    1.81763e-51
     1.4541e-51
    1.16328e-51
    9.30626e-52
    7.44501e-52
    5.95601e-52
     4.7648e-52
    3.81184e-52
    3.04947e-52
    2.43958e-52
    1.95166e-52
    1.56133e-52
              0
