     0.00639866
      0.0282257
      0.0367631
      0.0344697
      0.0318243
       0.028443
      0.0235585
      0.0193718
      0.0158544
      0.0133666
      0.0115359
      0.0153161
      0.0193372
      0.0208793
      0.0302275
      0.0228737
      0.0307422
      0.0226047
      0.0200587
      0.0184278
       0.017513
       0.218997
       0.247745
       0.586275
      0.0167407
       0.171184
       0.014913
      0.0132041
       0.012671
      0.0133207
       0.105744
      0.0744748
       0.160097
       0.104702
      0.0094773
      0.0523762
     0.00933852
     0.00946403
      0.0095309
       0.230071
      0.0723258
       0.113675
      0.0508923
      0.0056415
      0.0058168
       0.048694
      0.0253267
     0.00464542
      0.0050497
      0.0344907
       0.077559
      0.0344058
      0.0244931
     0.00407632
      0.0477874
     0.00354023
     0.00314919
     0.00343564
      0.0165813
      0.0328655
     0.00304159
      0.0322569
     0.00276555
      0.0164546
     0.00243692
      0.0226491
      0.0112086
      0.0696682
     0.00172859
      0.0154288
     0.00827507
      0.0290848
     0.00163741
      0.0264401
     0.00165788
     0.00144269
     0.00135718
      0.0292189
     0.00740291
     0.00102475
      0.0237579
      0.0145587
    0.000996881
     0.00718121
     0.00101555
     0.00515925
     0.00712602
     0.00707558
     0.00798198
    0.000621801
    0.000663725
     0.00495764
    0.000588824
    0.000620051
    0.000538504
    0.000554031
    0.000574488
    0.000519563
    0.000542333
     0.00442188
    0.000408064
    0.000397131
    0.000357299
    0.000333327
    0.000295566
     0.00034569
     0.00661886
    0.000299873
     0.00618048
     0.00118506
    0.000348016
     0.00209234
    0.000262245
     0.00723898
     0.00315506
    0.000201773
     0.00155041
    0.000179229
    0.000624931
    0.000185755
     0.00244314
    0.000585081
    0.000158257
    0.000772587
    0.000160132
    0.000127167
     0.00504735
     0.00103482
    0.000109755
    0.000108939
    0.000748133
    0.000729872
     0.00146513
     0.00134167
     0.00120573
     0.00113812
    0.000562771
    7.84708e-05
    7.19135e-05
    0.000361426
     0.00107102
    0.000264822
    6.62705e-05
    6.31657e-05
    0.000685398
    0.000341498
    0.000247522
    4.57869e-05
    4.42482e-05
    0.000133657
     0.00016921
    4.36762e-05
    3.67372e-05
    4.54054e-05
    0.000135533
    4.10373e-05
    0.000240967
    0.000129447
    3.35577e-05
     3.7915e-05
    5.89672e-05
    8.45586e-05
    2.80278e-05
    2.55594e-05
    2.60384e-05
    2.76436e-05
    6.51179e-05
    8.85066e-05
    6.28179e-05
    2.11289e-05
    2.04691e-05
    1.85917e-05
    1.71939e-05
    5.53212e-05
    4.13635e-05
    1.17644e-05
    1.31334e-05
    1.74043e-05
    1.24176e-05
    1.58971e-05
    1.24213e-05
    0.000104119
    1.26327e-05
    1.12071e-05
     9.6083e-06
    7.88289e-06
    2.69228e-05
    0.000141319
    2.84234e-05
    7.69181e-06
    1.67728e-05
    1.30142e-05
    2.67777e-05
    5.92484e-06
    1.47566e-05
    5.05351e-06
    4.60441e-06
    5.52479e-05
    3.84173e-06
    1.35188e-05
    4.14863e-06
    5.73161e-06
    0.000139342
    5.34692e-06
    1.25525e-05
    1.03858e-05
    4.52537e-05
    1.66463e-05
    4.46647e-05
    2.53613e-06
    2.22857e-06
    2.43558e-06
    2.77834e-05
    5.27687e-06
    2.30042e-06
    8.31693e-06
    2.56408e-06
     3.0565e-05
    2.31259e-06
     1.9258e-05
    1.77745e-06
    2.98154e-05
    1.17564e-05
    1.49804e-06
    1.54278e-06
    3.82116e-06
    1.49233e-06
    3.04086e-05
    5.47301e-06
    1.22033e-05
    4.22203e-06
     1.3782e-06
    1.15127e-06
    9.51109e-07
    1.07397e-06
    1.69943e-05
    1.11153e-06
    9.90218e-07
    1.27401e-05
    6.94105e-06
    3.59468e-06
    7.17952e-07
    5.49021e-06
    5.99233e-07
    6.58027e-07
    5.30576e-07
    5.83762e-07
    1.46195e-06
    5.69182e-07
    2.58878e-06
    2.25243e-06
    6.52414e-07
    1.06275e-06
    1.73482e-06
    4.71709e-07
     7.7698e-07
    3.60109e-07
    3.08037e-07
     1.2045e-06
     3.5131e-07
    3.39543e-07
    3.23269e-07
    1.63883e-06
    3.18396e-06
    1.04017e-06
    1.17823e-06
    2.18603e-06
    2.55867e-07
    9.35686e-07
    1.14856e-06
    2.90634e-07
    5.69675e-07
    3.85944e-07
    6.14736e-07
    4.48884e-07
    1.89839e-07
    3.12598e-07
    1.48762e-07
    1.46012e-07
      1.588e-07
    1.64202e-07
    5.35518e-07
    1.00891e-06
    1.39216e-07
    1.38827e-07
    1.33467e-07
    1.24654e-07
    1.11002e-07
    1.02431e-07
    1.90511e-07
    2.24056e-07
    7.68273e-07
     1.2959e-07
    9.87456e-07
     1.6965e-07
    8.15485e-08
     1.0052e-06
    2.00691e-06
    1.68271e-06
    6.24753e-08
    5.96635e-08
    3.32567e-07
    5.30189e-08
    5.18189e-08
    1.29297e-07
     9.4442e-07
    1.09225e-07
    5.10527e-08
    7.61683e-08
     8.3991e-07
    4.57426e-08
    4.48903e-07
    3.51656e-08
    1.95301e-06
    3.95981e-07
    9.15575e-07
    2.24315e-07
    2.81191e-08
    5.14712e-08
    3.03498e-08
    4.74883e-08
    4.36705e-07
    3.42388e-08
    2.52659e-08
    9.23372e-07
    1.32704e-06
    1.07886e-07
    1.07905e-07
     1.8406e-08
    2.07775e-08
    4.72526e-08
    3.79756e-08
    2.08777e-07
    2.84188e-08
    1.63685e-08
    1.89344e-08
     2.1972e-08
    2.02598e-07
    1.37349e-08
    4.72585e-08
     4.2455e-07
    1.15449e-08
    1.46153e-08
    3.33889e-07
     2.0779e-07
    4.25011e-08
    4.19228e-08
    4.10071e-08
    2.76819e-08
    2.05395e-08
    6.64077e-09
    6.02869e-09
    7.36419e-09
     7.7337e-09
    7.90273e-09
    1.30005e-07
    6.83899e-09
    6.19486e-09
    6.21213e-09
    1.12887e-08
     4.9497e-09
     4.2225e-09
    9.79088e-09
    5.33664e-09
    4.17825e-09
    5.62095e-09
    4.10585e-09
    4.49706e-09
    7.13981e-09
    3.93346e-09
    2.00522e-07
    3.13887e-08
    5.92753e-09
    2.74241e-09
    6.49824e-09
    4.31018e-08
    4.24008e-09
    5.32752e-08
    2.78517e-08
    1.08427e-08
    8.69162e-09
    2.56243e-09
    2.92973e-09
     2.1075e-09
     4.8717e-09
     1.6536e-09
     1.6403e-09
    4.04613e-09
    1.58206e-09
    2.27975e-09
     1.8286e-09
    6.01618e-09
    2.10608e-09
    2.80669e-07
    1.63442e-09
    1.91073e-07
    6.95427e-08
    1.01728e-09
    5.20543e-08
    1.04574e-09
    1.54677e-09
    1.33138e-09
    1.51328e-09
    1.13965e-09
    1.05676e-09
    9.38676e-10
    8.06463e-10
    8.42937e-10
    6.32389e-10
    6.44264e-10
    9.06402e-10
    5.75759e-10
    9.90489e-10
    6.95512e-10
    8.23947e-10
    9.27779e-09
    7.51432e-10
    6.51437e-10
    4.98721e-10
    4.21872e-10
    3.66287e-10
    3.36238e-10
    3.91567e-10
    4.48185e-09
    2.33598e-09
    5.58121e-10
    5.19195e-10
    4.33388e-10
    4.42545e-09
    3.56239e-10
    3.00922e-10
    2.68996e-10
    2.31407e-10
    1.99345e-10
    2.23351e-09
    2.62151e-10
    4.30008e-10
     2.8477e-10
    3.52025e-10
    3.54248e-10
    2.57608e-10
    3.31395e-10
    1.92932e-10
    1.83765e-10
    1.44222e-10
     1.3358e-10
    1.57299e-10
    2.26427e-10
    2.08922e-10
    2.26606e-10
    2.02626e-10
    1.88838e-10
    1.53087e-10
    1.41722e-10
    1.18725e-10
    1.05666e-10
     8.7263e-11
    1.63859e-10
    1.00292e-10
    1.74162e-10
    1.34331e-10
    1.81637e-10
    1.15741e-10
    1.73741e-10
    9.28516e-11
    1.28437e-10
    7.75357e-11
    6.80453e-11
    5.46141e-11
    7.12991e-11
    6.56389e-11
    1.08593e-10
    1.04047e-10
      9.758e-11
    7.20434e-11
    7.45857e-11
    5.84957e-11
    5.55827e-11
    4.43651e-11
    3.76939e-11
    5.59487e-11
    7.01945e-11
    5.18522e-11
    8.39076e-11
    5.49975e-11
    6.95632e-11
    4.29976e-11
    6.08458e-11
    3.55157e-11
    3.78017e-11
    2.50419e-11
    2.11159e-11
    1.77769e-11
    2.26011e-11
    3.39956e-11
     4.2303e-11
    4.06052e-11
      3.787e-11
    2.84486e-11
    2.64195e-11
    2.07516e-11
     1.7624e-11
    1.40774e-11
    1.17653e-11
     4.1252e-11
    1.55974e-11
    3.48519e-11
    2.33621e-11
    2.31311e-11
     2.4264e-11
    1.74167e-11
    1.99473e-11
    1.84821e-11
    1.22152e-11
    1.07133e-11
    8.13444e-12
    1.07125e-11
    9.68001e-12
    1.70483e-11
    1.41618e-11
    1.57813e-11
    1.13825e-11
    9.46074e-12
    7.43803e-12
     5.9824e-12
    4.77071e-12
    3.81992e-12
    3.05408e-12
    1.07776e-11
    4.80426e-12
    1.44951e-11
     8.1177e-12
     9.2831e-12
    6.32365e-12
    5.31612e-12
     4.1258e-12
      3.327e-12
    2.64745e-12
    2.12079e-12
    1.69503e-12
    3.24501e-12
    4.42506e-12
    5.49774e-12
    4.86026e-12
    4.78697e-12
    3.54596e-12
    2.97724e-12
    2.33604e-12
    1.88766e-12
    1.50406e-12
    1.20561e-12
    9.63727e-13
    4.62487e-12
    4.55502e-12
    3.06455e-12
    2.61926e-12
    1.99754e-12
    1.61784e-12
    1.28142e-12
    1.02719e-12
    8.20181e-13
    6.56352e-13
    5.24893e-13
    1.29326e-12
     1.2839e-12
    1.84015e-12
    1.58996e-12
    1.46226e-12
    1.12379e-12
    9.33089e-13
    7.37508e-13
    5.94868e-13
    4.74623e-13
    3.80328e-13
      3.041e-13
    2.02526e-12
    8.03946e-13
    2.14195e-12
    1.04081e-12
    1.06265e-12
    7.55587e-13
    6.32029e-13
    4.94062e-13
    3.98342e-13
    3.17313e-13
    2.54195e-13
    2.03197e-13
     5.6642e-13
    5.68402e-13
    5.56068e-13
    4.20949e-13
     3.5584e-13
    2.79646e-13
     2.2649e-13
    1.80465e-13
    1.44734e-13
    1.15694e-13
       9.26e-14
    7.40685e-14
    5.92603e-14
    4.74068e-14
    3.79261e-14
    3.03407e-14
    2.42727e-14
    1.94181e-14
    1.55345e-14
    1.24276e-14
    9.94208e-15
    7.95366e-15
    6.36293e-15
    5.09035e-15
    4.07228e-15
    3.25782e-15
    2.60626e-15
    2.08501e-15
      1.668e-15
     1.3344e-15
    1.06752e-15
    8.54018e-16
    6.83215e-16
    5.46572e-16
    4.37257e-16
    3.49806e-16
    2.79845e-16
    2.23876e-16
    1.79101e-16
     1.4328e-16
    1.14624e-16
    9.16995e-17
    7.33596e-17
    5.86877e-17
    4.69501e-17
    3.75601e-17
    3.00481e-17
    2.40385e-17
    1.92308e-17
    1.53846e-17
    1.23077e-17
    9.84616e-18
    7.87693e-18
    6.30154e-18
    5.04123e-18
    4.03299e-18
    3.22639e-18
    2.58111e-18
    2.06489e-18
    1.65191e-18
    1.32153e-18
    1.05722e-18
    8.45779e-19
    6.76623e-19
    5.41298e-19
    4.33039e-19
    3.46431e-19
    2.77145e-19
    2.21716e-19
    1.77373e-19
    1.41898e-19
    1.13518e-19
    9.08148e-20
    7.26518e-20
    5.81215e-20
    4.64972e-20
    3.71977e-20
    2.97582e-20
    2.38065e-20
    1.90452e-20
    1.52362e-20
     1.2189e-20
    9.75116e-21
    7.80093e-21
    6.24074e-21
    4.99259e-21
    3.99408e-21
    3.19526e-21
    2.55621e-21
    2.04497e-21
    1.63597e-21
    1.30878e-21
    1.04702e-21
    8.37618e-22
    6.70095e-22
    5.36076e-22
    4.28861e-22
    3.43088e-22
    2.74471e-22
    2.19577e-22
    1.75661e-22
    1.40529e-22
    1.12423e-22
    8.99386e-23
    7.19509e-23
    5.75607e-23
    4.60486e-23
    3.68388e-23
    2.94711e-23
    2.35769e-23
    1.88615e-23
    1.50892e-23
    1.20714e-23
    9.65708e-24
    7.72567e-24
    6.18053e-24
    4.94443e-24
    3.95554e-24
    3.16443e-24
    2.53155e-24
    2.02524e-24
    1.62019e-24
    1.29615e-24
    1.03692e-24
    8.29537e-25
     6.6363e-25
    5.30904e-25
    4.24723e-25
    3.39778e-25
    2.71823e-25
    2.17458e-25
    1.73967e-25
    1.39173e-25
    1.11339e-25
    8.90709e-26
    7.12567e-26
    5.70053e-26
    4.56043e-26
    3.64834e-26
    2.91867e-26
    2.33494e-26
    1.86795e-26
    1.49436e-26
    1.19549e-26
    9.56391e-27
    7.65113e-27
     6.1209e-27
    4.89672e-27
    3.91738e-27
     3.1339e-27
    2.50712e-27
     2.0057e-27
    1.60456e-27
    1.28365e-27
    1.02692e-27
    8.21534e-28
    6.57227e-28
    5.25781e-28
    4.20625e-28
      3.365e-28
      2.692e-28
     2.1536e-28
    1.72288e-28
     1.3783e-28
    1.10264e-28
    8.82115e-29
    7.05692e-29
    5.64554e-29
    4.51643e-29
    3.61314e-29
    2.89051e-29
    2.31241e-29
    1.84993e-29
    1.47994e-29
    1.18395e-29
    9.47164e-30
    7.57731e-30
    6.06185e-30
    4.84948e-30
    3.87958e-30
    3.10367e-30
    2.48293e-30
    1.98635e-30
    1.58908e-30
    1.27126e-30
    1.01701e-30
    8.13607e-31
    6.50886e-31
    5.20709e-31
    4.16567e-31
    3.33254e-31
    2.66603e-31
    2.13282e-31
    1.70626e-31
    1.36501e-31
    1.09201e-31
    8.73604e-32
    6.98883e-32
    5.59107e-32
    4.47285e-32
    3.57828e-32
    2.86263e-32
     2.2901e-32
    1.83208e-32
    1.46566e-32
    1.17253e-32
    9.38025e-33
     7.5042e-33
    6.00336e-33
    4.80269e-33
    3.84215e-33
    3.07372e-33
    2.45898e-33
    1.96718e-33
    1.57375e-33
      1.259e-33
     1.0072e-33
    8.05758e-34
    6.44606e-34
    5.15685e-34
    4.12548e-34
    3.30038e-34
    2.64031e-34
    2.11225e-34
     1.6898e-34
    1.35184e-34
    1.08147e-34
    8.65176e-35
     6.9214e-35
    5.53712e-35
     4.4297e-35
    3.54376e-35
    2.83501e-35
    2.26801e-35
     1.8144e-35
    1.45152e-35
    1.16122e-35
    9.28975e-36
     7.4318e-36
    5.94544e-36
    4.75635e-36
    3.80508e-36
    3.04407e-36
    2.43525e-36
     1.9482e-36
    1.55856e-36
    1.24685e-36
    9.97479e-37
    7.97984e-37
    6.38387e-37
    5.10709e-37
    4.08568e-37
    3.26854e-37
    2.61483e-37
    2.09187e-37
    1.67349e-37
    1.33879e-37
    1.07104e-37
    8.56828e-38
    6.85463e-38
     5.4837e-38
    4.38696e-38
    3.50957e-38
    2.80765e-38
    2.24612e-38
     1.7969e-38
    1.43752e-38
    1.15002e-38
    9.20012e-39
     7.3601e-39
    5.88808e-39
    4.71046e-39
    3.76837e-39
     3.0147e-39
    2.41176e-39
    1.92941e-39
    1.54352e-39
    1.23482e-39
    9.87856e-40
    7.90285e-40
    6.32228e-40
    5.05782e-40
    4.04626e-40
    3.23701e-40
     2.5896e-40
    2.07168e-40
    1.65735e-40
    1.32588e-40
     1.0607e-40
    8.48562e-41
    6.78849e-41
    5.43079e-41
    4.34464e-41
    3.47571e-41
    2.78057e-41
    2.22445e-41
    1.77956e-41
    1.42365e-41
    1.13892e-41
    9.11136e-42
    7.28909e-42
    5.83127e-42
    4.66502e-42
    3.73201e-42
    2.98561e-42
    2.38849e-42
    1.91079e-42
    1.52863e-42
    1.22291e-42
    9.78325e-43
     7.8266e-43
    6.26128e-43
    5.00902e-43
    4.00722e-43
    3.20577e-43
    2.56462e-43
     2.0517e-43
    1.64136e-43
    1.31309e-43
    1.05047e-43
    8.40375e-44
      6.723e-44
     5.3784e-44
    4.30272e-44
    3.44217e-44
    2.75374e-44
    2.20299e-44
    1.76239e-44
    1.40991e-44
    1.12793e-44
    9.02345e-45
    7.21876e-45
    5.77501e-45
    4.62001e-45
    3.69601e-45
     2.9568e-45
    2.36544e-45
    1.89236e-45
    1.51388e-45
    1.21111e-45
    9.68886e-46
    7.75109e-46
    6.20087e-46
     4.9607e-46
    3.96856e-46
    3.17484e-46
    2.53988e-46
     2.0319e-46
    1.62552e-46
    1.30042e-46
    1.04033e-46
    8.32267e-47
    6.65813e-47
    5.32651e-47
     4.2612e-47
    3.40896e-47
    2.72717e-47
    2.18174e-47
    1.74539e-47
    1.39631e-47
    1.11705e-47
    8.93639e-48
    7.14911e-48
    5.71929e-48
    4.57543e-48
    3.66035e-48
    2.92828e-48
    2.34262e-48
     1.8741e-48
    1.49928e-48
    1.19942e-48
    9.59538e-49
     7.6763e-49
    6.14104e-49
    4.91283e-49
    3.93027e-49
    3.14421e-49
    2.51537e-49
     2.0123e-49
    1.60984e-49
    1.28787e-49
     1.0303e-49
    8.24237e-50
    6.59389e-50
    5.27512e-50
    4.22009e-50
    3.37607e-50
    2.70086e-50
    2.16069e-50
    1.72855e-50
    1.38284e-50
    1.10627e-50
    8.85017e-51
    7.08014e-51
    5.66411e-51
    4.53129e-51
    3.62503e-51
    2.90003e-51
    2.32002e-51
    1.85602e-51
    1.48481e-51
    1.18785e-51
     9.5028e-52
    7.60224e-52
    6.08179e-52
    4.86543e-52
    3.89235e-52
    3.11388e-52
     2.4911e-52
    1.99288e-52
    1.59431e-52
    1.27544e-52
              0
