      0.0124771
      0.0491068
      0.0488382
      0.0442144
      0.0429155
      0.0383357
      0.0287309
      0.0244538
      0.0195517
      0.0199004
      0.0167147
      0.0176026
      0.0222122
      0.0249788
      0.0273765
      0.0257431
      0.0243039
      0.0227492
      0.0217135
      0.0191262
      0.0176286
      0.0165995
      0.0167374
      0.0167905
       0.157299
      0.0200532
      0.0202679
      0.0831333
       0.220189
       0.293534
       0.107782
       0.109312
      0.0753097
      0.0121465
       0.169191
      0.0100375
      0.0745697
      0.0534808
        0.12656
       0.010136
     0.00864706
      0.0521759
     0.00761984
     0.00766423
     0.00731507
      0.0355466
      0.0364657
      0.0072601
      0.0263679
      0.0700905
      0.0999274
      0.0496316
     0.00581299
      0.0251175
     0.00494974
      0.0187056
     0.00410287
       0.057897
      0.0235439
     0.00397012
     0.00334857
      0.0170884
     0.00320561
      0.0166389
     0.00308416
      0.0030868
      0.0160364
     0.00239047
      0.0315679
     0.00210371
     0.00259587
     0.00848177
     0.00237641
      0.0177723
      0.0283371
      0.0157527
      0.0111311
      0.0447735
     0.00141536
      0.0149856
     0.00125456
       0.001228
      0.0012358
     0.00967224
     0.00128629
     0.00103067
    0.000928105
    0.000899793
     0.00524072
     0.00719523
      0.0187034
    0.000854018
    0.000703529
     0.00080299
     0.00276815
     0.00286697
    0.000738521
    0.000745339
    0.000631003
     0.00254184
    0.000552049
    0.000484421
     0.00239941
    0.000448665
    0.000369887
    0.000395132
    0.000392154
      0.0023706
     0.00236349
     0.00127889
    0.000361515
     0.00126566
     0.00124077
    0.000286115
     0.00165943
    0.000869846
     0.00315641
    0.000221854
     0.00652083
     0.00157572
    0.000247005
    0.000216206
    0.000207427
     0.00019858
     0.00770108
     0.00151303
    0.000156466
     0.00106959
     0.00149287
    0.000315546
    0.000755314
    0.000408035
     0.00147271
     0.00176575
    0.000109936
    9.71089e-05
    9.08548e-05
    9.70535e-05
    0.000510971
    0.000790804
    8.24883e-05
    0.000929306
    0.000279669
    8.56069e-05
    7.83771e-05
     6.8566e-05
     6.5472e-05
    6.57794e-05
     0.00061073
    0.000677827
    5.15617e-05
    0.000248901
    4.58524e-05
    4.87495e-05
    4.37498e-05
    4.52076e-05
    4.36356e-05
    4.09148e-05
    3.79046e-05
    0.000459605
    3.70535e-05
    3.27519e-05
    0.000595981
    2.85851e-05
    3.06781e-05
    0.000119924
    0.000453454
    0.000119551
     0.00022247
    0.000261387
    0.000218876
    1.97089e-05
    2.02263e-05
    1.62765e-05
    0.000106255
    0.000147365
    1.22546e-05
    1.50396e-05
    2.81204e-05
    1.52997e-05
    3.32948e-05
     4.2381e-05
    0.000158714
     1.2007e-05
    3.91909e-05
    9.82201e-06
    9.62777e-06
    1.02311e-05
    7.60515e-05
    1.17081e-05
    1.80268e-05
    1.02962e-05
    9.95139e-05
    2.17778e-05
    6.88314e-05
    6.67564e-06
     9.9135e-05
     5.8618e-06
    7.53695e-05
    4.92694e-06
    2.44667e-05
     1.3922e-05
    1.80409e-05
     4.7085e-06
     0.00031287
    2.36216e-05
    0.000226968
    2.30108e-05
    0.000149124
    2.83115e-06
    6.11184e-05
    6.53711e-05
    3.35862e-05
     3.6677e-06
    0.000110043
    3.15173e-05
    0.000215365
     5.0713e-05
    0.000145502
    6.82623e-06
    8.40049e-06
    1.92688e-06
     1.8738e-06
    1.20989e-05
    1.81284e-06
    1.72958e-05
    1.76402e-06
      1.949e-06
    1.67678e-06
     5.6792e-06
    1.48227e-05
    1.48033e-06
    1.41106e-06
    2.05385e-05
    4.08123e-06
    3.04691e-05
    1.69869e-06
     1.4689e-06
    1.31805e-06
    8.08741e-06
    6.99757e-05
    3.03502e-05
    2.98435e-05
    2.01665e-05
    9.16622e-07
    6.58293e-07
    7.05344e-07
    1.18831e-06
    8.88882e-06
    7.64127e-07
    1.22964e-06
    2.91765e-05
    7.97871e-07
    1.99658e-05
    5.47002e-07
     4.6174e-07
    4.59458e-06
    4.62647e-07
    3.92552e-06
    5.58069e-07
    9.53194e-07
    6.87827e-07
    6.78598e-07
    6.09343e-07
    4.17104e-07
    9.53856e-07
    4.85956e-07
    5.17776e-07
    3.59343e-07
    5.04928e-07
    2.52119e-07
     2.1595e-06
    3.53385e-07
    3.45375e-07
    1.17522e-06
     3.0102e-07
    2.15811e-07
    2.58719e-07
    7.75956e-07
    3.11861e-07
     1.5994e-07
    9.16395e-06
    4.64292e-07
    1.76191e-07
    4.31624e-07
    1.59386e-07
    2.04826e-07
    1.40491e-07
    4.28629e-06
    1.01655e-06
    1.37889e-07
    4.25553e-07
    9.14676e-08
    3.73945e-07
    2.98961e-07
    2.11405e-07
    7.66622e-07
    1.00822e-07
    9.07876e-08
    9.52617e-08
     7.5389e-08
     1.0516e-07
     6.9916e-08
    4.66448e-07
    1.40535e-07
    2.42008e-07
    1.37327e-06
    1.00581e-06
    1.97253e-07
    9.17001e-08
    1.52053e-07
    2.39536e-07
    6.09683e-08
    4.42772e-08
    5.90717e-08
    1.58892e-07
    4.04571e-08
     8.1797e-08
    4.62277e-08
    1.27404e-07
    4.57574e-07
    4.20389e-08
    3.76408e-08
     5.2641e-08
    3.96363e-08
    2.85751e-08
     3.0877e-08
    2.54531e-08
    1.56982e-07
     4.3836e-08
    4.54469e-08
    3.86368e-08
    2.77709e-08
    3.87076e-08
    2.25954e-08
    2.06477e-08
    1.83622e-08
    4.68786e-08
    1.71488e-08
    1.57323e-08
    1.54795e-08
    1.61975e-08
    2.38586e-08
    1.77458e-08
    2.80042e-08
    1.46058e-08
    1.93085e-08
    5.73433e-08
    1.41683e-08
    1.12348e-08
    8.27516e-09
    1.02399e-08
    3.75338e-08
     1.4282e-08
    1.35115e-08
    1.29359e-08
    3.83547e-08
    8.65331e-09
    1.70441e-08
    6.90675e-09
    6.84345e-09
    5.94696e-09
    5.93225e-09
    2.08823e-08
     5.4272e-09
     9.4335e-09
    5.35495e-09
    7.23955e-08
    7.95263e-09
    6.46363e-08
    4.50235e-09
    4.22053e-09
    4.26807e-09
    3.54664e-09
    3.12456e-09
    3.73347e-09
    4.76521e-09
    4.21142e-09
    4.76959e-09
    3.53787e-09
    3.99917e-09
    3.62398e-09
    3.26996e-09
    2.93765e-09
    2.12278e-08
    2.15821e-09
    4.91604e-09
    2.32457e-09
    1.92422e-09
    2.83793e-09
     2.3672e-09
    2.89412e-09
    2.18863e-09
    1.88892e-09
    2.62412e-09
     1.7292e-09
    1.41923e-09
    1.35209e-09
    1.09105e-09
    1.48948e-09
    2.56636e-09
     1.5624e-09
    2.17001e-09
    1.66635e-09
    1.42553e-09
    1.48164e-09
    1.01892e-09
    9.17579e-10
     8.2026e-10
    7.21207e-10
    9.19166e-10
    7.39788e-10
    1.26857e-09
    7.90284e-10
    1.08404e-09
    7.29861e-10
    7.57686e-10
     9.3437e-09
    6.39754e-10
    5.54004e-10
    5.40621e-10
    4.02259e-10
    2.49559e-09
    7.53149e-10
    2.49138e-09
    7.75266e-10
    5.54319e-10
    9.37831e-10
    5.62401e-10
    5.74276e-10
    3.87783e-10
    3.22634e-10
    2.74317e-10
    2.53841e-10
    3.81059e-10
    2.13265e-09
    4.75636e-10
    3.29527e-10
    4.50211e-10
    3.42962e-10
    3.17865e-10
     2.8298e-10
    2.40495e-10
     2.1693e-10
    2.04938e-10
    1.62792e-10
    2.65076e-10
    3.59074e-10
    2.36891e-10
    2.96747e-10
    2.26417e-10
    2.61634e-10
    4.20203e-09
    6.10484e-09
    1.49229e-10
     1.3528e-10
    1.08298e-10
    1.53156e-10
    1.30656e-10
    1.55245e-10
    1.80158e-10
    1.69144e-10
    1.33798e-10
    1.47871e-10
    1.13131e-10
    1.14056e-10
    9.27771e-11
     8.2888e-11
    8.75238e-09
    1.19435e-10
    8.64655e-11
    1.51325e-10
    1.25528e-10
     1.0994e-10
    5.99118e-09
    9.69438e-11
    7.26554e-11
     7.5397e-11
    5.56766e-11
    4.66813e-11
    4.56365e-11
    6.40917e-11
    5.19811e-11
    7.52686e-11
    6.04169e-11
    6.99248e-11
    5.19072e-11
    5.41375e-11
    4.28582e-11
    3.88787e-11
    3.13102e-11
     2.5296e-11
    2.41117e-11
     4.0891e-11
    4.22824e-11
    5.16741e-11
    5.17888e-11
    4.10759e-11
    3.60081e-11
    3.31854e-11
    2.73419e-11
    2.34604e-11
    1.84169e-11
    1.48112e-11
    2.51161e-11
    1.97698e-11
    2.81205e-11
    2.57432e-11
    2.35989e-11
    2.52526e-11
    2.08624e-11
    1.79826e-11
    1.77108e-11
    1.51463e-11
    1.25401e-11
    1.01191e-11
    1.92467e-11
    1.26276e-11
    2.58331e-11
    1.67201e-11
    1.87052e-11
    1.33322e-11
    1.17788e-11
    9.11793e-12
    7.44499e-12
    5.91445e-12
    4.75006e-12
    3.79494e-12
    8.47506e-12
    5.94925e-12
    1.13431e-11
    8.99359e-12
    1.18594e-11
    7.60914e-12
    6.53602e-12
    5.10228e-12
    4.12291e-12
    3.28849e-12
    2.63488e-12
      2.107e-12
    6.81988e-12
    5.53617e-12
    8.27737e-12
    6.18267e-12
    5.68341e-12
    4.46199e-12
    3.67182e-12
    2.91344e-12
    2.34358e-12
    1.87116e-12
    1.49851e-12
    1.19831e-12
    3.47287e-12
    4.10389e-12
    3.40365e-12
    2.99986e-12
    2.43908e-12
    1.97633e-12
    1.58765e-12
     1.2726e-12
    1.01898e-12
    8.15458e-13
     6.5248e-13
     2.8959e-12
    1.72293e-12
    3.17737e-12
    2.12114e-12
    1.82118e-12
    1.44657e-12
    1.15494e-12
    9.24918e-13
     7.3878e-13
    5.91157e-13
    4.72751e-13
    3.78209e-13
    1.46503e-12
    9.94518e-13
    1.76253e-12
    1.29741e-12
    1.17052e-12
    9.44924e-13
    7.65522e-13
    6.14931e-13
    4.92722e-13
    3.94557e-13
    3.15723e-13
    2.52627e-13
     1.2998e-12
    7.65265e-13
    6.97658e-13
     5.5028e-13
    4.39585e-13
    3.52206e-13
    2.81127e-13
    2.24984e-13
    1.79887e-13
    1.43915e-13
    1.15119e-13
    9.20953e-14
    7.36746e-14
    5.89396e-14
    4.71515e-14
    3.77212e-14
    3.01769e-14
    2.41415e-14
    1.93132e-14
    1.54506e-14
    1.23605e-14
    9.88837e-15
     7.9107e-15
    6.32856e-15
    5.06285e-15
    4.05028e-15
    3.24022e-15
    2.59218e-15
    2.07374e-15
    1.65899e-15
    1.32719e-15
    1.06176e-15
    8.49405e-16
    6.79524e-16
    5.43619e-16
    4.34895e-16
    3.47916e-16
    2.78333e-16
    2.22666e-16
    1.78133e-16
    1.42506e-16
    1.14005e-16
    9.12041e-17
    7.29633e-17
    5.83706e-17
    4.66965e-17
    3.73572e-17
    2.98858e-17
    2.39086e-17
    1.91269e-17
    1.53015e-17
    1.22412e-17
    9.79297e-18
    7.83438e-18
     6.2675e-18
      5.014e-18
     4.0112e-18
    3.20896e-18
    2.56717e-18
    2.05373e-18
    1.64299e-18
    1.31439e-18
    1.05151e-18
     8.4121e-19
    6.72968e-19
    5.38374e-19
    4.30699e-19
    3.44559e-19
    2.75648e-19
    2.20518e-19
    1.76414e-19
    1.41132e-19
    1.12905e-19
    9.03242e-20
    7.22594e-20
    5.78075e-20
     4.6246e-20
    3.69968e-20
    2.95974e-20
    2.36779e-20
    1.89424e-20
    1.51539e-20
    1.21231e-20
    9.69849e-21
    7.75879e-21
    6.20703e-21
    4.96562e-21
     3.9725e-21
      3.178e-21
     2.5424e-21
    2.03392e-21
    1.62714e-21
    1.30171e-21
    1.04137e-21
    8.33094e-22
    6.66475e-22
     5.3318e-22
    4.26544e-22
    3.41235e-22
    2.72988e-22
     2.1839e-22
    1.74712e-22
     1.3977e-22
    1.11816e-22
    8.94527e-23
    7.15622e-23
    5.72497e-23
    4.57998e-23
    3.66398e-23
    2.93119e-23
    2.34495e-23
    1.87596e-23
    1.50077e-23
    1.20061e-23
    9.60491e-24
    7.68393e-24
    6.14714e-24
    4.91772e-24
    3.93417e-24
    3.14734e-24
    2.51787e-24
     2.0143e-24
    1.61144e-24
    1.28915e-24
    1.03132e-24
    8.25056e-25
    6.60045e-25
    5.28036e-25
    4.22429e-25
    3.37943e-25
    2.70354e-25
    2.16283e-25
    1.73027e-25
    1.38421e-25
    1.10737e-25
    8.85897e-26
    7.08717e-26
    5.66974e-26
    4.53579e-26
    3.62863e-26
    2.90291e-26
    2.32233e-26
    1.85786e-26
    1.48629e-26
    1.18903e-26
    9.51224e-27
     7.6098e-27
    6.08784e-27
    4.87027e-27
    3.89622e-27
    3.11697e-27
    2.49358e-27
    1.99486e-27
    1.59589e-27
    1.27671e-27
    1.02137e-27
    8.17096e-28
    6.53676e-28
    5.22941e-28
    4.18353e-28
    3.34682e-28
    2.67746e-28
    2.14197e-28
    1.71357e-28
    1.37086e-28
    1.09669e-28
     8.7735e-29
     7.0188e-29
    5.61504e-29
    4.49203e-29
    3.59362e-29
     2.8749e-29
    2.29992e-29
    1.83994e-29
    1.47195e-29
    1.17756e-29
    9.42047e-30
    7.53638e-30
     6.0291e-30
    4.82328e-30
    3.85862e-30
     3.0869e-30
    2.46952e-30
    1.97562e-30
    1.58049e-30
    1.26439e-30
    1.01152e-30
    8.09212e-31
     6.4737e-31
    5.17896e-31
    4.14317e-31
    3.31453e-31
    2.65163e-31
     2.1213e-31
    1.69704e-31
    1.35763e-31
    1.08611e-31
    8.68885e-32
    6.95108e-32
    5.56086e-32
    4.44869e-32
    3.55895e-32
    2.84716e-32
    2.27773e-32
    1.82218e-32
    1.45775e-32
     1.1662e-32
    9.32958e-33
    7.46366e-33
    5.97093e-33
    4.77675e-33
     3.8214e-33
    3.05712e-33
    2.44569e-33
    1.95655e-33
    1.56524e-33
     1.2522e-33
    1.00176e-33
    8.01405e-34
    6.41124e-34
    5.12899e-34
    4.10319e-34
    3.28255e-34
    2.62604e-34
    2.10083e-34
    1.68067e-34
    1.34453e-34
    1.07563e-34
    8.60502e-35
    6.88401e-35
    5.50721e-35
    4.40577e-35
    3.52462e-35
    2.81969e-35
    2.25575e-35
     1.8046e-35
    1.44368e-35
    1.15495e-35
    9.23957e-36
    7.39165e-36
    5.91332e-36
    4.73066e-36
    3.78453e-36
    3.02762e-36
     2.4221e-36
    1.93768e-36
    1.55014e-36
    1.24011e-36
    9.92091e-37
    7.93673e-37
    6.34938e-37
    5.07951e-37
     4.0636e-37
    3.25088e-37
    2.60071e-37
    2.08057e-37
    1.66445e-37
    1.33156e-37
    1.06525e-37
      8.522e-38
     6.8176e-38
    5.45408e-38
    4.36326e-38
    3.49061e-38
    2.79249e-38
    2.23399e-38
    1.78719e-38
    1.42975e-38
     1.1438e-38
    9.15042e-39
    7.32034e-39
    5.85627e-39
    4.68502e-39
    3.74801e-39
    2.99841e-39
    2.39873e-39
    1.91898e-39
    1.53519e-39
    1.22815e-39
    9.82519e-40
    7.86015e-40
    6.28812e-40
     5.0305e-40
     4.0244e-40
    3.21952e-40
    2.57562e-40
    2.06049e-40
    1.64839e-40
    1.31871e-40
    1.05497e-40
    8.43978e-41
    6.75182e-41
    5.40146e-41
    4.32117e-41
    3.45693e-41
    2.76555e-41
    2.21244e-41
    1.76995e-41
    1.41596e-41
    1.13277e-41
    9.06214e-42
    7.24971e-42
    5.79977e-42
    4.63982e-42
    3.71185e-42
    2.96948e-42
    2.37559e-42
    1.90047e-42
    1.52037e-42
     1.2163e-42
     9.7304e-43
    7.78432e-43
    6.22745e-43
    4.98196e-43
    3.98557e-43
    3.18846e-43
    2.55077e-43
    2.04061e-43
    1.63249e-43
    1.30599e-43
    1.04479e-43
    8.35835e-44
    6.68668e-44
    5.34934e-44
    4.27947e-44
    3.42358e-44
    2.73886e-44
    2.19109e-44
    1.75287e-44
     1.4023e-44
    1.12184e-44
    8.97471e-45
    7.17977e-45
    5.74381e-45
    4.59505e-45
    3.67604e-45
    2.94083e-45
    2.35267e-45
    1.88213e-45
    1.50571e-45
    1.20456e-45
    9.63652e-46
    7.70921e-46
    6.16737e-46
     4.9339e-46
    3.94712e-46
    3.15769e-46
    2.52616e-46
    2.02092e-46
    1.61674e-46
    1.29339e-46
    1.03471e-46
    8.27771e-47
    6.62216e-47
    5.29773e-47
    4.23819e-47
    3.39055e-47
    2.71244e-47
    2.16995e-47
    1.73596e-47
    1.38877e-47
    1.11101e-47
    8.88812e-48
    7.11049e-48
     5.6884e-48
    4.55072e-48
    3.64057e-48
    2.91246e-48
    2.32997e-48
    1.86397e-48
    1.49118e-48
    1.19294e-48
    9.54354e-49
    7.63484e-49
    6.10787e-49
    4.88629e-49
    3.90904e-49
    3.12723e-49
    2.50178e-49
    2.00143e-49
    1.60114e-49
    1.28091e-49
    1.02473e-49
    8.19784e-50
    6.55827e-50
    5.24662e-50
     4.1973e-50
    3.35784e-50
    2.68627e-50
    2.14902e-50
    1.71921e-50
    1.37537e-50
     1.1003e-50
    8.80237e-51
    7.04189e-51
    5.63351e-51
    4.50681e-51
    3.60545e-51
    2.88436e-51
    2.30749e-51
    1.84599e-51
    1.47679e-51
    1.18143e-51
    9.45147e-52
    7.56117e-52
    6.04894e-52
    4.83915e-52
    3.87132e-52
    3.09706e-52
    2.47765e-52
    1.98212e-52
    1.58569e-52
              0
