      0.0130728
      0.0511288
      0.0487498
      0.0401326
        0.03914
      0.0332205
      0.0245891
      0.0205325
      0.0164575
      0.0161319
       0.013108
      0.0142796
      0.0186364
      0.0204993
      0.0219917
       0.020727
      0.0200125
      0.0187684
      0.0178721
      0.0159311
      0.0146178
      0.0136671
      0.0140022
       0.014785
       0.218911
      0.0172363
      0.0168906
       0.311698
      0.0576203
       0.108171
      0.0119257
      0.0125282
     0.00996496
      0.0100543
       0.261763
     0.00846926
       0.246973
      0.0381299
      0.0725179
     0.00806895
     0.00717622
     0.00691268
     0.00624897
       0.164233
        0.17279
      0.0688891
      0.0697524
      0.0491687
     0.00533989
      0.0825883
      0.0056291
      0.0050462
      0.0545077
      0.0634206
      0.0243772
      0.0241626
     0.00352995
     0.00325379
      0.0028373
      0.0505253
     0.00278441
     0.00290113
      0.0163759
       0.011774
     0.00253067
      0.0298539
      0.0452355
      0.0220489
      0.0344502
      0.0291855
     0.00206307
      0.0311933
      0.0356749
     0.00186723
     0.00162797
     0.00804797
     0.00155679
      0.0106911
     0.00750702
       0.001089
      0.0146889
      0.0103079
     0.00529303
    0.000915528
    0.000982286
    0.000855482
    0.000789104
    0.000737325
     0.00504802
    0.000696471
    0.000686725
     0.00359616
    0.000582696
      0.0133057
    0.000611776
     0.00203657
    0.000606741
     0.00486841
    0.000543265
     0.00477468
     0.00677885
     0.00900153
     0.00465507
    0.000386498
     0.00324265
    0.000326769
     0.00231981
    0.000934064
      0.0016664
    0.000301896
     0.00229326
     0.00164874
     0.00181156
    0.000249793
    0.000258517
    0.000207418
     0.00352407
      0.0011051
    0.000628133
     0.00280041
      0.0024805
     0.00153779
    0.000183453
    0.000168989
     0.00150964
    0.000139299
     0.00105533
    0.000547688
     0.00258162
     0.00134852
     0.00011051
    9.93331e-05
    0.000300194
    9.89265e-05
     0.00129713
    0.000279477
    0.000366756
     8.2506e-05
    0.000495259
    6.50365e-05
    0.000359305
     6.5392e-05
    7.35205e-05
    0.000270052
    0.000261667
    0.000481492
    5.63691e-05
    5.45798e-05
    0.000180778
    4.49921e-05
     0.00046291
    4.24544e-05
    0.000328226
    0.000131521
    3.70776e-05
     3.7269e-05
     9.7846e-05
    3.38447e-05
    3.14859e-05
    3.11302e-05
    2.93158e-05
    0.000315298
    2.95236e-05
    2.43394e-05
    2.48196e-05
    2.61989e-05
    2.38552e-05
    2.45769e-05
    2.18555e-05
    1.95767e-05
    0.000151884
    1.66598e-05
    1.69457e-05
     1.3814e-05
    1.28316e-05
    1.19042e-05
    1.03553e-05
     1.2341e-05
     1.2847e-05
    1.24391e-05
    1.18589e-05
    1.17272e-05
    1.09121e-05
    9.97568e-06
    9.04458e-06
     8.1906e-06
    7.81752e-06
    8.47317e-06
    7.15837e-06
    7.17281e-05
    2.71865e-05
    8.52975e-06
    1.64284e-05
    7.10354e-06
    3.45204e-05
    2.51677e-05
    4.98299e-06
    5.06171e-06
    4.13884e-06
     9.4901e-05
     4.6228e-05
     6.7898e-06
    4.01144e-06
    1.01104e-05
    3.64464e-06
    3.56599e-06
    1.64666e-05
     2.9928e-06
    2.75644e-06
    1.74894e-05
    2.74417e-06
     2.7483e-06
    8.72023e-06
    0.000106913
    6.43902e-05
    2.54953e-06
    5.45871e-06
    2.42087e-06
    6.85114e-05
    2.22986e-06
    4.72493e-06
    5.82754e-06
    1.57001e-06
    6.32717e-05
    1.46838e-06
    1.68497e-06
    1.74975e-05
     7.7117e-06
    5.25752e-06
    1.31974e-06
    1.36275e-06
    1.26024e-06
    5.31346e-06
    9.34875e-07
    1.06044e-06
    1.27015e-06
    2.53184e-06
    4.94242e-06
    2.98615e-06
    9.93184e-07
    1.98722e-06
    7.75769e-07
    9.56162e-07
    6.42596e-07
    7.73128e-07
     3.7812e-06
    6.02119e-07
     6.2515e-07
    3.47845e-06
    5.98781e-07
    3.62519e-06
     3.3373e-06
    1.88094e-06
    4.53285e-07
    4.54466e-07
    3.84832e-07
    5.55869e-07
    3.88326e-07
     1.7366e-06
    2.29057e-06
     5.2815e-07
    8.93068e-07
    6.09675e-07
    7.58084e-07
    3.39437e-07
    3.72267e-07
    3.49289e-07
    2.61806e-07
    2.89103e-07
    3.20467e-07
    2.08079e-07
    3.74696e-06
    3.17372e-06
     5.3907e-07
     2.1518e-06
    3.04609e-06
     1.4847e-06
    1.83101e-07
    1.41453e-07
    1.47935e-07
     1.3273e-07
    3.50865e-07
    2.48551e-07
    1.54391e-07
    2.69495e-07
    1.49828e-07
    5.44775e-06
    5.30829e-07
    2.93159e-06
     1.0991e-07
      9.105e-08
    9.23845e-08
    3.57972e-07
    1.42725e-06
    1.45415e-07
    4.93584e-07
    6.26274e-07
    8.16839e-08
    7.60032e-08
    6.70592e-08
    3.39364e-07
     5.3866e-08
    5.47354e-08
    4.66741e-08
    1.73125e-07
    7.14123e-07
    6.27079e-08
    8.79752e-08
    8.91469e-08
    1.43475e-07
     5.7824e-08
    1.30534e-07
    5.30498e-08
    7.79328e-08
    3.43963e-08
    1.79089e-07
    3.52589e-08
    4.44729e-08
     1.2633e-07
    4.19871e-08
    4.06728e-08
    3.75451e-07
    3.22629e-08
    7.50972e-08
     3.7599e-08
    2.54964e-08
    2.43059e-08
    1.17705e-07
    2.91479e-08
    1.88887e-07
    2.43294e-08
    3.55932e-08
    2.68324e-08
    2.45541e-08
    6.65681e-08
    2.22909e-08
    1.61903e-08
    4.00683e-08
    1.45862e-08
    2.61806e-08
    1.42844e-08
    1.43908e-08
    1.57862e-08
    2.88052e-08
    1.41965e-07
    1.22132e-08
    1.16146e-08
    1.06264e-08
    1.37282e-08
    1.16058e-08
    6.95458e-09
    7.08742e-09
    9.11939e-09
    1.40979e-08
      3.892e-08
    8.69486e-09
    7.12424e-08
    7.44701e-09
    7.69129e-09
    7.78472e-09
    5.74127e-09
    5.18298e-09
    3.23057e-08
    5.55278e-09
    4.69128e-09
      7.395e-09
    4.66386e-09
    4.58143e-08
    2.71787e-08
    4.07418e-08
    3.76814e-09
    6.27484e-09
    3.39108e-09
    2.88296e-09
    2.87606e-07
    3.43805e-09
    8.43858e-09
    2.26008e-08
    8.29232e-09
     5.8548e-09
    1.93318e-07
    3.05849e-09
     2.7935e-09
    2.38549e-09
    2.05865e-09
    1.75909e-09
    1.85697e-09
    1.96509e-09
    1.72399e-09
    2.20331e-09
    2.08499e-09
     2.1531e-09
    2.94173e-08
    1.55502e-09
    1.80739e-09
    1.42327e-09
    1.17247e-09
    1.11012e-09
     9.1793e-10
    1.42254e-09
    2.29399e-09
    3.27676e-09
     1.8541e-09
    1.42014e-09
    7.19022e-09
    5.28433e-09
    8.60298e-10
    7.63948e-10
    6.91151e-10
    5.96528e-10
    7.80411e-10
    2.47544e-09
    9.62894e-10
    6.59728e-09
    8.32654e-10
     6.1763e-10
    6.30173e-10
     5.5439e-10
    5.13715e-10
    2.31558e-09
    3.13897e-09
    3.34321e-10
    3.32397e-09
    6.50575e-10
    1.87132e-09
    2.51483e-09
    4.83574e-10
    6.38536e-10
    7.60876e-09
    4.53722e-10
    3.21908e-10
    2.70888e-10
    2.30841e-10
    2.18852e-10
    3.19575e-10
    2.47253e-10
    3.66212e-10
    8.96979e-09
    3.44086e-10
    2.95046e-10
    2.63231e-10
    2.36605e-10
    2.01616e-10
    1.81109e-10
    1.63787e-10
    1.35997e-10
    2.53215e-10
    3.36788e-10
    2.14002e-10
    2.53964e-10
    1.98039e-10
    2.26095e-10
      1.605e-10
    1.71534e-10
    1.26471e-10
    1.12481e-10
    9.21889e-11
    1.29511e-10
    1.13315e-10
    1.36572e-10
      1.401e-10
    1.39892e-10
    3.22978e-09
     1.2039e-10
    9.51375e-11
     9.5581e-11
    7.87038e-11
     7.0603e-11
    6.14013e-11
    1.14523e-10
     7.6974e-11
    1.38807e-10
    1.10517e-10
    9.49692e-11
    7.59061e-11
    8.65883e-11
    6.18681e-11
      6.698e-11
    4.75034e-11
    3.92932e-11
    3.74216e-11
    5.32514e-11
    4.59675e-11
    6.23007e-11
    5.22998e-11
    5.59284e-11
    4.34771e-11
    4.39465e-11
    3.57839e-11
    3.20976e-11
    2.59734e-11
    2.10505e-11
    1.89015e-11
    4.15775e-11
    3.70756e-11
    5.01214e-11
    4.49498e-11
    3.60102e-11
    3.03351e-11
    3.01545e-11
    2.32306e-11
    2.07554e-11
    1.55541e-11
    1.24369e-11
    2.08989e-11
    1.68558e-11
    2.40934e-11
    2.16704e-11
     2.0182e-11
    2.04857e-11
    1.72116e-11
    1.47395e-11
    1.48906e-11
     1.2592e-11
    1.04744e-11
    8.42045e-12
    1.94862e-11
    1.12556e-11
     2.3654e-11
    1.51321e-11
    1.60091e-11
    1.14615e-11
    9.81742e-12
    7.64435e-12
    6.19994e-12
    4.93304e-12
    3.95667e-12
    3.16209e-12
    7.10218e-12
    5.21834e-12
    9.56778e-12
    7.90125e-12
    8.93816e-12
    6.41219e-12
    5.39129e-12
    4.25602e-12
    3.43091e-12
    2.73987e-12
    2.19467e-12
    1.75527e-12
    7.27694e-12
    5.05237e-12
    8.27727e-12
    5.53386e-12
    4.95799e-12
    3.77267e-12
    3.07709e-12
    2.43394e-12
    1.95403e-12
    1.55961e-12
    1.24851e-12
    9.98354e-13
    2.91255e-12
    3.55324e-12
    2.94108e-12
    2.52293e-12
    2.04157e-12
    1.64968e-12
    1.32347e-12
    1.06055e-12
    8.48952e-13
    6.79369e-13
     5.4356e-13
    3.15027e-12
    1.59293e-12
    3.21787e-12
     1.8911e-12
    1.57296e-12
    1.21826e-12
    9.69111e-13
    7.71855e-13
    6.16272e-13
    4.92613e-13
    3.93922e-13
    3.15084e-13
    1.22945e-12
    8.84554e-13
    1.48513e-12
    1.12269e-12
    9.84334e-13
    7.89935e-13
    6.39293e-13
    5.12428e-13
    4.10673e-13
    3.28696e-13
    2.63039e-13
    2.10452e-13
    1.42397e-12
    7.10397e-13
    6.13195e-13
    4.66221e-13
     3.7024e-13
    2.94197e-13
    2.34675e-13
    1.87509e-13
    1.49911e-13
    1.19899e-13
    9.59066e-14
    7.67213e-14
    6.13755e-14
    4.90999e-14
    3.92797e-14
    3.14237e-14
     2.5139e-14
    2.01112e-14
    1.60889e-14
    1.28711e-14
    1.02969e-14
    8.23753e-15
    6.59002e-15
    5.27202e-15
    4.21761e-15
    3.37409e-15
    2.69927e-15
    2.15942e-15
    1.72753e-15
    1.38203e-15
    1.10562e-15
    8.84498e-16
    7.07598e-16
    5.66078e-16
    4.52863e-16
     3.6229e-16
    2.89832e-16
    2.31866e-16
    1.85493e-16
    1.48394e-16
    1.18715e-16
    9.49722e-17
    7.59778e-17
    6.07822e-17
    4.86258e-17
    3.89006e-17
    3.11205e-17
    2.48964e-17
    1.99171e-17
    1.59337e-17
     1.2747e-17
    1.01976e-17
    8.15805e-18
    6.52644e-18
    5.22115e-18
    4.17692e-18
    3.34154e-18
    2.67323e-18
    2.13858e-18
    1.71087e-18
    1.36869e-18
    1.09495e-18
    8.75964e-19
    7.00771e-19
    5.60617e-19
    4.48494e-19
    3.58795e-19
    2.87036e-19
    2.29629e-19
    1.83703e-19
    1.46962e-19
     1.1757e-19
    9.40559e-20
    7.52447e-20
    6.01958e-20
    4.81566e-20
    3.85253e-20
    3.08202e-20
    2.46562e-20
     1.9725e-20
      1.578e-20
     1.2624e-20
    1.00992e-20
    8.07934e-21
    6.46347e-21
    5.17078e-21
    4.13662e-21
     3.3093e-21
    2.64744e-21
    2.11795e-21
    1.69436e-21
    1.35549e-21
    1.08439e-21
    8.67513e-22
     6.9401e-22
    5.55208e-22
    4.44166e-22
    3.55333e-22
    2.84266e-22
    2.27413e-22
    1.81931e-22
    1.45544e-22
    1.16436e-22
    9.31484e-23
    7.45188e-23
     5.9615e-23
     4.7692e-23
    3.81536e-23
    3.05229e-23
    2.44183e-23
    1.95346e-23
    1.56277e-23
    1.25022e-23
    1.00017e-23
    8.00139e-24
    6.40111e-24
    5.12089e-24
    4.09671e-24
    3.27737e-24
     2.6219e-24
    2.09752e-24
    1.67801e-24
    1.34241e-24
    1.07393e-24
    8.59143e-25
    6.87314e-25
    5.49851e-25
    4.39881e-25
    3.51905e-25
    2.81524e-25
    2.25219e-25
    1.80175e-25
     1.4414e-25
    1.15312e-25
    9.22497e-26
    7.37998e-26
    5.90398e-26
    4.72319e-26
    3.77855e-26
    3.02284e-26
    2.41827e-26
    1.93462e-26
    1.54769e-26
    1.23816e-26
    9.90524e-27
    7.92419e-27
    6.33935e-27
    5.07148e-27
    4.05719e-27
    3.24575e-27
     2.5966e-27
    2.07728e-27
    1.66182e-27
    1.32946e-27
    1.06357e-27
    8.50854e-28
    6.80683e-28
    5.44546e-28
    4.35637e-28
     3.4851e-28
    2.78808e-28
    2.23046e-28
    1.78437e-28
     1.4275e-28
      1.142e-28
    9.13597e-29
    7.30878e-29
    5.84702e-29
    4.67762e-29
    3.74209e-29
    2.99367e-29
    2.39494e-29
    1.91595e-29
    1.53276e-29
    1.22621e-29
    9.80967e-30
    7.84774e-30
    6.27819e-30
    5.02255e-30
    4.01804e-30
    3.21443e-30
    2.57155e-30
    2.05724e-30
    1.64579e-30
    1.31663e-30
    1.05331e-30
    8.42645e-31
    6.74116e-31
    5.39292e-31
    4.31434e-31
    3.45147e-31
    2.76118e-31
    2.20894e-31
    1.76715e-31
    1.41372e-31
    1.13098e-31
    9.04783e-32
    7.23826e-32
    5.79061e-32
    4.63249e-32
    3.70599e-32
    2.96479e-32
    2.37183e-32
    1.89747e-32
    1.51797e-32
    1.21438e-32
    9.71503e-33
    7.77202e-33
    6.21762e-33
    4.97409e-33
    3.97928e-33
    3.18342e-33
    2.54674e-33
    2.03739e-33
    1.62991e-33
    1.30393e-33
    1.04314e-33
    8.34515e-34
    6.67612e-34
    5.34089e-34
    4.27271e-34
    3.41817e-34
    2.73454e-34
    2.18763e-34
     1.7501e-34
    1.40008e-34
    1.12007e-34
    8.96053e-35
    7.16843e-35
    5.73474e-35
    4.58779e-35
    3.67023e-35
    2.93619e-35
    2.34895e-35
    1.87916e-35
    1.50333e-35
    1.20266e-35
     9.6213e-36
    7.69704e-36
    6.15763e-36
     4.9261e-36
    3.94088e-36
    3.15271e-36
    2.52217e-36
    2.01773e-36
    1.61419e-36
    1.29135e-36
    1.03308e-36
    8.26463e-37
    6.61171e-37
    5.28936e-37
    4.23149e-37
    3.38519e-37
    2.70815e-37
    2.16652e-37
    1.73322e-37
    1.38658e-37
    1.10926e-37
    8.87408e-38
    7.09926e-38
    5.67941e-38
    4.54353e-38
    3.63482e-38
    2.90786e-38
    2.32629e-38
    1.86103e-38
    1.48882e-38
    1.19106e-38
    9.52847e-39
    7.62278e-39
    6.09822e-39
    4.87858e-39
    3.90286e-39
    3.12229e-39
    2.49783e-39
    1.99827e-39
    1.59861e-39
    1.27889e-39
    1.02311e-39
    8.18489e-40
    6.54791e-40
    5.23833e-40
    4.19067e-40
    3.35253e-40
    2.68203e-40
    2.14562e-40
     1.7165e-40
     1.3732e-40
    1.09856e-40
    8.78846e-41
    7.03077e-41
    5.62462e-41
    4.49969e-41
    3.59975e-41
     2.8798e-41
    2.30384e-41
    1.84307e-41
    1.47446e-41
    1.17957e-41
    9.43654e-42
    7.54923e-42
    6.03938e-42
    4.83151e-42
    3.86521e-42
    3.09217e-42
    2.47373e-42
    1.97899e-42
    1.58319e-42
    1.26655e-42
    1.01324e-42
    8.10593e-43
    6.48474e-43
    5.18779e-43
    4.15023e-43
    3.32019e-43
    2.65615e-43
    2.12492e-43
    1.69994e-43
    1.35995e-43
    1.08796e-43
    8.70367e-44
    6.96294e-44
    5.57035e-44
    4.45628e-44
    3.56502e-44
    2.85202e-44
    2.28161e-44
    1.82529e-44
    1.46023e-44
    1.16819e-44
    9.34549e-45
     7.4764e-45
    5.98112e-45
    4.78489e-45
    3.82791e-45
    3.06233e-45
    2.44987e-45
    1.95989e-45
    1.56791e-45
    1.25433e-45
    1.00346e-45
    8.02772e-46
    6.42217e-46
    5.13774e-46
    4.11019e-46
    3.28815e-46
    2.63052e-46
    2.10442e-46
    1.68353e-46
    1.34683e-46
    1.07746e-46
     8.6197e-47
    6.89576e-47
    5.51661e-47
    4.41328e-47
    3.53063e-47
     2.8245e-47
     2.2596e-47
    1.80768e-47
    1.44615e-47
    1.15692e-47
    9.25533e-48
    7.40426e-48
    5.92341e-48
    4.73873e-48
    3.79098e-48
    3.03279e-48
    2.42623e-48
    1.94098e-48
    1.55279e-48
    1.24223e-48
    9.93783e-49
    7.95027e-49
    6.36021e-49
    5.08817e-49
    4.07054e-49
    3.25643e-49
    2.60514e-49
    2.08411e-49
    1.66729e-49
    1.33383e-49
    1.06707e-49
    8.53653e-50
    6.82923e-50
    5.46338e-50
     4.3707e-50
    3.49656e-50
    2.79725e-50
     2.2378e-50
    1.79024e-50
    1.43219e-50
    1.14575e-50
    9.16603e-51
    7.33283e-51
    5.86626e-51
    4.69301e-51
    3.75441e-51
    3.00353e-51
    2.40282e-51
    1.92226e-51
     1.5378e-51
    1.23024e-51
    9.84195e-52
    7.87356e-52
    6.29885e-52
    5.03908e-52
    4.03126e-52
    3.22501e-52
    2.58001e-52
    2.06401e-52
    1.65121e-52
    1.32096e-52
              0
