      0.0131226
       0.051215
      0.0485675
      0.0399022
      0.0404478
      0.0313053
      0.0253296
      0.0202278
      0.0165482
      0.0143028
      0.0121899
      0.0134768
      0.0232108
      0.0221009
      0.0220029
      0.0205457
      0.0201636
      0.0186787
      0.0179708
      0.0159878
      0.0146407
      0.0136085
      0.0139423
      0.0146835
      0.0171512
       0.016593
      0.0186602
       0.384896
       0.356409
       0.245701
      0.0130167
       0.105905
       0.104921
       0.241396
     0.00995316
     0.00810221
        0.16785
      0.0954974
      0.0525789
        0.11495
     0.00714643
     0.00675911
      0.0262136
     0.00671897
      0.0490434
      0.0688157
     0.00629193
       0.005403
     0.00545039
      0.0343564
       0.133786
     0.00469342
      0.0482851
      0.0977582
     0.00429548
        0.02392
      0.0531324
       0.043351
      0.0437463
     0.00316498
     0.00278065
     0.00294174
      0.0164633
      0.0161322
     0.00273097
      0.0225613
     0.00210964
      0.0154477
      0.0247146
     0.00203538
      0.0220723
     0.00171095
     0.00198115
     0.00193313
     0.00164088
      0.0246114
     0.00146674
     0.00769288
     0.00119408
     0.00105221
     0.00528283
    0.000984039
    0.000925554
     0.00385947
       0.007213
    0.000831707
    0.000802739
    0.000715229
      0.0050515
     0.00786766
    0.000681226
    0.000642698
    0.000577647
    0.000645558
     0.00351706
    0.000616309
     0.00782434
    0.000514033
     0.00060303
     0.00340708
    0.000436074
      0.0033478
    0.000345314
      0.0017609
     0.00595417
    0.000310073
    0.000342033
    0.000302325
    0.000931559
    0.000297976
    0.000331587
    0.000316069
    0.000285282
     0.00224231
     0.00548649
    0.000635152
     0.00218163
    0.000186704
    0.000207968
      0.0015292
      0.0132309
     0.00707823
      0.0045096
     0.00371378
    0.000170754
    0.000140371
    0.000767145
     0.00395705
     0.00267975
    0.000385984
    0.000114344
     0.00164266
    9.88978e-05
    9.51578e-05
    8.57913e-05
    0.000284126
     0.00437557
    8.00427e-05
     0.00540149
    6.54042e-05
    7.14879e-05
    6.15839e-05
    7.96147e-05
    7.42106e-05
     0.00126976
    6.34005e-05
    5.70897e-05
    0.000680399
    4.88913e-05
    0.000895515
    0.000327341
    0.000328849
    0.000754929
     0.00032631
    0.000565549
    0.000324452
    0.000366671
    0.000167832
    3.14309e-05
    0.000927634
    0.000947154
    0.000649556
     0.00065027
    2.57207e-05
    2.24712e-05
    3.20165e-05
    0.000737652
    0.000159239
    2.05806e-05
    6.39431e-05
    1.68994e-05
     0.00021485
    7.86864e-05
    0.000190167
    4.14319e-05
    1.11882e-05
    3.93872e-05
    0.000102785
    1.33434e-05
    1.16989e-05
    0.000145659
    4.05609e-05
    1.07138e-05
    9.77078e-06
    3.58897e-05
    7.87806e-05
    5.98259e-05
    8.37272e-06
    6.89451e-06
    5.40373e-05
    7.32549e-06
    2.81673e-05
    7.21194e-06
    2.68502e-05
    5.87433e-06
    1.22511e-05
    4.59907e-06
    1.44932e-05
    0.000134654
    3.88722e-06
    3.99151e-06
    3.23967e-05
    3.96839e-06
    4.14965e-06
    1.66396e-05
    6.70735e-06
    3.05634e-06
    9.11923e-06
    2.64166e-06
    2.35198e-06
    3.01808e-06
    2.78381e-05
    1.33672e-05
    4.06946e-05
    6.77591e-06
    1.37242e-05
    3.07804e-05
    9.82679e-06
    3.12189e-05
    2.26714e-06
      4.194e-05
    3.01988e-05
    1.75165e-05
    1.05624e-05
    3.89515e-05
    5.82029e-06
    1.36712e-05
    1.67532e-06
    1.38992e-06
    1.44645e-06
    1.52089e-06
    1.31411e-06
    2.95329e-05
    9.39152e-07
    1.04818e-06
    9.78233e-07
    1.06379e-06
    5.99913e-06
    2.86657e-06
    3.56172e-05
    8.75226e-07
    7.84572e-07
    8.71408e-07
    2.57528e-06
    6.81565e-06
    1.37195e-05
    3.43947e-06
    5.86491e-07
    6.09515e-07
    5.79044e-07
    5.95216e-07
     5.2613e-07
    4.93786e-07
    2.99331e-06
    4.42798e-07
    2.57057e-06
    3.78758e-07
    3.74679e-07
    3.49034e-07
    1.68272e-06
    3.43563e-07
    5.27391e-07
     4.5469e-07
    6.53189e-06
    3.37415e-07
     3.1025e-07
    3.18472e-07
    2.52535e-07
    2.73349e-07
    2.45513e-07
    2.11404e-06
    1.98506e-06
     3.6282e-07
    8.05661e-07
    2.18224e-07
     1.0859e-06
    1.80756e-07
    6.65756e-07
    7.46353e-07
    1.32798e-07
    1.43628e-07
    1.54564e-07
    1.51424e-07
    1.56405e-07
    1.84506e-07
    2.02827e-07
    3.19581e-07
    1.22371e-07
    1.02863e-07
    1.14011e-07
    2.17269e-07
    9.96796e-08
    8.33718e-08
    7.56019e-08
     8.0163e-08
    7.18462e-08
    1.01738e-07
    1.18655e-07
    7.52346e-08
    6.69591e-08
    1.87166e-07
    5.59483e-08
     7.7968e-08
    4.67435e-08
    4.42285e-08
    6.99065e-08
     7.1221e-08
    6.18697e-08
    8.99688e-08
     5.5019e-08
    6.47666e-08
    1.29602e-07
    3.87365e-08
    4.52929e-08
    3.09392e-08
    4.93655e-08
    3.15248e-08
    3.67275e-08
    3.59725e-08
    6.35552e-08
    4.03885e-08
    3.98213e-08
    4.53146e-08
     2.8031e-08
    1.67694e-07
    4.98427e-08
    4.64235e-08
     1.0954e-07
    2.47138e-08
    2.40786e-08
    2.70656e-08
    2.55243e-08
    3.79144e-08
    1.98301e-08
    6.33948e-08
    1.97551e-08
    1.59484e-08
    2.54807e-08
    1.31898e-08
    2.67216e-08
    1.86426e-08
    1.35588e-08
    2.95219e-08
    1.48292e-08
     1.3074e-08
    1.32217e-08
    1.17004e-08
    1.33951e-08
    1.17864e-08
    8.00383e-09
    7.11445e-09
    7.92811e-09
    4.96367e-08
    3.88083e-08
    3.32311e-08
    8.86929e-09
    2.21664e-08
    7.48281e-09
    8.23906e-09
    1.04666e-08
    5.49672e-09
     1.0603e-08
    3.19788e-08
    5.53401e-09
    4.78066e-09
    6.64941e-09
     3.2467e-08
    5.13812e-09
    7.23913e-08
     5.4174e-09
    9.95835e-08
    3.53662e-09
    3.36585e-09
    8.14747e-09
    4.38772e-09
    3.56319e-09
    3.64416e-09
    4.12876e-09
    1.38653e-07
    6.30411e-08
    3.92177e-09
    9.06016e-08
    6.27453e-08
    2.19709e-09
    2.07677e-08
    1.69319e-09
    1.67763e-09
     1.7226e-08
    1.86674e-09
    2.02864e-09
    2.20004e-09
    2.04553e-09
    1.77449e-09
    1.54228e-09
    2.02136e-08
     1.4543e-09
    2.40132e-09
    1.17096e-09
    9.19626e-10
    1.52767e-09
    1.87632e-09
    1.49141e-09
     1.5786e-09
    1.29173e-09
    1.41949e-08
    2.87956e-08
    8.66266e-10
    1.95209e-08
    7.02735e-10
    5.79766e-10
    7.19595e-10
    6.07663e-10
    9.50623e-10
    7.21118e-10
    8.68894e-10
    6.14417e-10
    1.89219e-09
    5.35937e-10
    5.03701e-10
    2.35737e-09
    3.73562e-10
    3.54522e-10
    6.11672e-10
    5.22974e-10
    6.70265e-10
    5.50859e-10
    5.04378e-10
    5.53553e-10
    4.28529e-10
    4.64829e-10
    1.02525e-08
    6.17698e-09
    2.28993e-10
    6.96185e-09
    2.69615e-10
    2.63123e-10
     4.3382e-09
    3.08856e-10
    3.34467e-10
    2.90306e-10
     2.6105e-10
    2.33575e-10
    2.00398e-10
    1.84442e-10
    1.59031e-10
    1.36673e-10
    2.69128e-10
    3.06017e-10
    1.48438e-09
    2.32648e-10
    2.03217e-10
    2.52532e-10
    1.55755e-10
    2.06005e-10
    1.21946e-10
    1.17791e-10
    9.15041e-11
     2.8424e-09
    1.10713e-10
      1.273e-10
    2.85875e-09
    1.43166e-10
    4.69728e-09
    1.14809e-10
    9.45009e-11
    9.22976e-11
     8.1968e-11
    8.07226e-11
    5.95785e-11
    1.21206e-10
    7.19971e-11
     1.3408e-10
    1.00898e-10
    9.73238e-11
    7.46995e-11
    1.00082e-10
    5.91495e-11
     7.9811e-11
    2.77449e-09
    4.01691e-11
    1.89028e-09
    4.51316e-11
     4.7154e-11
    5.83768e-11
    5.23192e-11
    5.57966e-11
    4.29405e-11
    4.23222e-11
    3.53051e-11
    3.14735e-11
    2.55305e-11
    2.11707e-11
    1.81164e-11
    4.47256e-11
    3.06757e-11
    5.35776e-11
    3.93664e-11
    3.80494e-11
    2.93915e-11
    4.09357e-11
    2.16251e-11
     2.2595e-11
    1.49124e-11
    1.26278e-11
    1.73081e-11
    1.63849e-11
    2.26197e-11
     2.1588e-11
    2.05113e-11
    2.05255e-11
     1.6632e-11
     1.4822e-11
    1.41094e-11
    1.24266e-11
    1.05307e-11
    8.36787e-12
    2.09266e-11
    1.01509e-11
    2.35993e-11
     1.4606e-11
    1.55157e-11
    1.16413e-11
    9.72657e-12
     7.6757e-12
    6.18689e-12
    4.93715e-12
    3.95501e-12
    3.16259e-12
    5.62705e-12
    5.17483e-12
    8.78127e-12
    7.94004e-12
     8.4555e-12
    6.39325e-12
    5.38188e-12
    4.24829e-12
    3.43217e-12
    2.73856e-12
    2.19493e-12
    1.75509e-12
    7.93509e-12
    4.27359e-12
     9.0658e-12
    5.10821e-12
    5.18383e-12
    3.69647e-12
    3.10572e-12
     2.4242e-12
    1.95736e-12
    1.55847e-12
    1.24889e-12
    9.98222e-13
    2.23058e-12
    3.06932e-12
    2.97132e-12
     2.5221e-12
     2.0335e-12
    1.65281e-12
    1.32163e-12
    1.06111e-12
    8.48677e-13
    6.79443e-13
    5.43523e-13
     3.4546e-12
    1.35861e-12
    3.54196e-12
    1.68583e-12
    1.66977e-12
    1.18114e-12
    9.82824e-13
    7.67169e-13
    6.17906e-13
     4.9207e-13
    3.94109e-13
    3.15022e-13
    9.14113e-13
    8.75232e-13
    1.29101e-12
    1.10215e-12
    1.00407e-12
    7.77697e-13
    6.44227e-13
    5.10313e-13
    4.11406e-13
    3.28406e-13
    2.63134e-13
    2.10415e-13
     1.5647e-12
    6.02048e-13
     6.6737e-13
    4.44979e-13
    3.78168e-13
    2.91476e-13
    2.35625e-13
    1.87193e-13
     1.5002e-13
    1.19862e-13
    9.59191e-14
    7.67171e-14
     6.1377e-14
    4.90994e-14
    3.92799e-14
    3.14237e-14
     2.5139e-14
    2.01111e-14
    1.60889e-14
    1.28711e-14
    1.02969e-14
    8.23753e-15
    6.59002e-15
    5.27202e-15
    4.21761e-15
    3.37409e-15
    2.69927e-15
    2.15942e-15
    1.72753e-15
    1.38203e-15
    1.10562e-15
    8.84498e-16
    7.07598e-16
    5.66078e-16
    4.52863e-16
     3.6229e-16
    2.89832e-16
    2.31866e-16
    1.85493e-16
    1.48394e-16
    1.18715e-16
    9.49722e-17
    7.59778e-17
    6.07822e-17
    4.86258e-17
    3.89006e-17
    3.11205e-17
    2.48964e-17
    1.99171e-17
    1.59337e-17
     1.2747e-17
    1.01976e-17
    8.15805e-18
    6.52644e-18
    5.22115e-18
    4.17692e-18
    3.34154e-18
    2.67323e-18
    2.13858e-18
    1.71087e-18
    1.36869e-18
    1.09495e-18
    8.75964e-19
    7.00771e-19
    5.60617e-19
    4.48494e-19
    3.58795e-19
    2.87036e-19
    2.29629e-19
    1.83703e-19
    1.46962e-19
     1.1757e-19
    9.40559e-20
    7.52447e-20
    6.01958e-20
    4.81566e-20
    3.85253e-20
    3.08202e-20
    2.46562e-20
     1.9725e-20
      1.578e-20
     1.2624e-20
    1.00992e-20
    8.07934e-21
    6.46347e-21
    5.17078e-21
    4.13662e-21
     3.3093e-21
    2.64744e-21
    2.11795e-21
    1.69436e-21
    1.35549e-21
    1.08439e-21
    8.67513e-22
     6.9401e-22
    5.55208e-22
    4.44166e-22
    3.55333e-22
    2.84266e-22
    2.27413e-22
    1.81931e-22
    1.45544e-22
    1.16436e-22
    9.31484e-23
    7.45188e-23
     5.9615e-23
     4.7692e-23
    3.81536e-23
    3.05229e-23
    2.44183e-23
    1.95346e-23
    1.56277e-23
    1.25022e-23
    1.00017e-23
    8.00139e-24
    6.40111e-24
    5.12089e-24
    4.09671e-24
    3.27737e-24
     2.6219e-24
    2.09752e-24
    1.67801e-24
    1.34241e-24
    1.07393e-24
    8.59143e-25
    6.87314e-25
    5.49851e-25
    4.39881e-25
    3.51905e-25
    2.81524e-25
    2.25219e-25
    1.80175e-25
     1.4414e-25
    1.15312e-25
    9.22497e-26
    7.37998e-26
    5.90398e-26
    4.72319e-26
    3.77855e-26
    3.02284e-26
    2.41827e-26
    1.93462e-26
    1.54769e-26
    1.23816e-26
    9.90524e-27
    7.92419e-27
    6.33935e-27
    5.07148e-27
    4.05719e-27
    3.24575e-27
     2.5966e-27
    2.07728e-27
    1.66182e-27
    1.32946e-27
    1.06357e-27
    8.50854e-28
    6.80683e-28
    5.44546e-28
    4.35637e-28
     3.4851e-28
    2.78808e-28
    2.23046e-28
    1.78437e-28
     1.4275e-28
      1.142e-28
    9.13597e-29
    7.30878e-29
    5.84702e-29
    4.67762e-29
    3.74209e-29
    2.99367e-29
    2.39494e-29
    1.91595e-29
    1.53276e-29
    1.22621e-29
    9.80967e-30
    7.84774e-30
    6.27819e-30
    5.02255e-30
    4.01804e-30
    3.21443e-30
    2.57155e-30
    2.05724e-30
    1.64579e-30
    1.31663e-30
    1.05331e-30
    8.42645e-31
    6.74116e-31
    5.39292e-31
    4.31434e-31
    3.45147e-31
    2.76118e-31
    2.20894e-31
    1.76715e-31
    1.41372e-31
    1.13098e-31
    9.04783e-32
    7.23826e-32
    5.79061e-32
    4.63249e-32
    3.70599e-32
    2.96479e-32
    2.37183e-32
    1.89747e-32
    1.51797e-32
    1.21438e-32
    9.71503e-33
    7.77202e-33
    6.21762e-33
    4.97409e-33
    3.97928e-33
    3.18342e-33
    2.54674e-33
    2.03739e-33
    1.62991e-33
    1.30393e-33
    1.04314e-33
    8.34515e-34
    6.67612e-34
    5.34089e-34
    4.27271e-34
    3.41817e-34
    2.73454e-34
    2.18763e-34
     1.7501e-34
    1.40008e-34
    1.12007e-34
    8.96053e-35
    7.16843e-35
    5.73474e-35
    4.58779e-35
    3.67023e-35
    2.93619e-35
    2.34895e-35
    1.87916e-35
    1.50333e-35
    1.20266e-35
     9.6213e-36
    7.69704e-36
    6.15763e-36
     4.9261e-36
    3.94088e-36
    3.15271e-36
    2.52217e-36
    2.01773e-36
    1.61419e-36
    1.29135e-36
    1.03308e-36
    8.26463e-37
    6.61171e-37
    5.28936e-37
    4.23149e-37
    3.38519e-37
    2.70815e-37
    2.16652e-37
    1.73322e-37
    1.38658e-37
    1.10926e-37
    8.87408e-38
    7.09926e-38
    5.67941e-38
    4.54353e-38
    3.63482e-38
    2.90786e-38
    2.32629e-38
    1.86103e-38
    1.48882e-38
    1.19106e-38
    9.52847e-39
    7.62278e-39
    6.09822e-39
    4.87858e-39
    3.90286e-39
    3.12229e-39
    2.49783e-39
    1.99827e-39
    1.59861e-39
    1.27889e-39
    1.02311e-39
    8.18489e-40
    6.54791e-40
    5.23833e-40
    4.19067e-40
    3.35253e-40
    2.68203e-40
    2.14562e-40
     1.7165e-40
     1.3732e-40
    1.09856e-40
    8.78846e-41
    7.03077e-41
    5.62462e-41
    4.49969e-41
    3.59975e-41
     2.8798e-41
    2.30384e-41
    1.84307e-41
    1.47446e-41
    1.17957e-41
    9.43654e-42
    7.54923e-42
    6.03938e-42
    4.83151e-42
    3.86521e-42
    3.09217e-42
    2.47373e-42
    1.97899e-42
    1.58319e-42
    1.26655e-42
    1.01324e-42
    8.10593e-43
    6.48474e-43
    5.18779e-43
    4.15023e-43
    3.32019e-43
    2.65615e-43
    2.12492e-43
    1.69994e-43
    1.35995e-43
    1.08796e-43
    8.70367e-44
    6.96294e-44
    5.57035e-44
    4.45628e-44
    3.56502e-44
    2.85202e-44
    2.28161e-44
    1.82529e-44
    1.46023e-44
    1.16819e-44
    9.34549e-45
     7.4764e-45
    5.98112e-45
    4.78489e-45
    3.82791e-45
    3.06233e-45
    2.44987e-45
    1.95989e-45
    1.56791e-45
    1.25433e-45
    1.00346e-45
    8.02772e-46
    6.42217e-46
    5.13774e-46
    4.11019e-46
    3.28815e-46
    2.63052e-46
    2.10442e-46
    1.68353e-46
    1.34683e-46
    1.07746e-46
     8.6197e-47
    6.89576e-47
    5.51661e-47
    4.41328e-47
    3.53063e-47
     2.8245e-47
     2.2596e-47
    1.80768e-47
    1.44615e-47
    1.15692e-47
    9.25533e-48
    7.40426e-48
    5.92341e-48
    4.73873e-48
    3.79098e-48
    3.03279e-48
    2.42623e-48
    1.94098e-48
    1.55279e-48
    1.24223e-48
    9.93783e-49
    7.95027e-49
    6.36021e-49
    5.08817e-49
    4.07054e-49
    3.25643e-49
    2.60514e-49
    2.08411e-49
    1.66729e-49
    1.33383e-49
    1.06707e-49
    8.53653e-50
    6.82923e-50
    5.46338e-50
     4.3707e-50
    3.49656e-50
    2.79725e-50
     2.2378e-50
    1.79024e-50
    1.43219e-50
    1.14575e-50
    9.16603e-51
    7.33283e-51
    5.86626e-51
    4.69301e-51
    3.75441e-51
    3.00353e-51
    2.40282e-51
    1.92226e-51
     1.5378e-51
    1.23024e-51
    9.84195e-52
    7.87356e-52
    6.29885e-52
    5.03908e-52
    4.03126e-52
    3.22501e-52
    2.58001e-52
    2.06401e-52
    1.65121e-52
    1.32096e-52
              0
