     0.00729152
      0.0311358
      0.0385627
      0.0381063
      0.0383945
      0.0324655
      0.0279053
      0.0232775
      0.0192131
      0.0156772
       0.013587
      0.0166183
       0.026755
      0.0319807
      0.0309881
      0.0315256
       0.235283
       0.571481
      0.0250511
       0.856455
       0.576639
      0.0177076
       0.174426
      0.0152313
       0.017782
      0.0179035
      0.0200352
      0.0166206
      0.0188676
       0.174219
      0.0790979
      0.0139445
       0.106061
      0.0741659
       0.168061
     0.00946832
      0.0120623
       0.168434
      0.0103858
       0.137126
      0.0728895
      0.0517481
      0.0081748
      0.0372719
     0.00817884
       0.136362
      0.0368913
     0.00662269
      0.0355763
      0.0691234
       0.036141
     0.00533714
     0.00515062
       0.024812
     0.00484476
     0.00402149
      0.0173716
     0.00368567
      0.0468705
     0.00370004
      0.0330962
     0.00416374
      0.0128115
       0.032634
     0.00329513
      0.0230035
      0.0163812
      0.0116119
     0.00205411
     0.00224302
      0.0021986
      0.0113026
      0.0210099
     0.00229895
     0.00201252
     0.00175453
       0.014352
      0.0310834
      0.0214359
     0.00132003
     0.00114846
      0.0011054
      0.0147481
     0.00748319
      0.0259543
     0.00104423
      0.0251767
    0.000872858
      0.0134726
     0.00640506
      0.0071913
     0.00501009
      0.0143341
     0.00500336
    0.000755021
     0.00077185
       0.003638
    0.000588806
    0.000635884
    0.000548807
     0.00249819
     0.00954335
    0.000406906
     0.00475491
    0.000368511
    0.000364422
     0.00467491
     0.00760508
     0.00174027
     0.00623491
     0.00171559
      0.0043501
    0.000333548
    0.000302912
     0.00344837
     0.00160787
    0.000231908
    0.000238299
    0.000251333
    0.000199493
    0.000238057
     0.00154792
    0.000662768
    0.000621347
    0.000191164
    0.000161781
    0.000171442
    0.000135067
    0.000137005
    0.000110268
    0.000130212
    0.000118988
    0.000119673
    0.000115919
    0.000106052
     0.00102355
    0.000103168
    0.000722923
    8.33536e-05
    8.63559e-05
      0.0011307
    0.000507222
    0.000706965
    7.92154e-05
    6.76719e-05
    0.000985485
    0.000551501
    0.000635127
    5.84444e-05
    4.72738e-05
    0.000238771
    0.000398569
    4.48807e-05
    4.09916e-05
    0.000668953
      4.119e-05
    4.28043e-05
    0.000172394
    0.000129088
    0.000363437
    3.12508e-05
    0.000224199
    0.000160958
    2.64523e-05
    6.67602e-05
    0.000202589
    0.000115777
    2.58003e-05
    2.25336e-05
    2.14085e-05
      0.0001429
    1.91806e-05
    1.80541e-05
    1.56979e-05
    1.40591e-05
    1.24413e-05
    1.21028e-05
    1.45392e-05
    1.43847e-05
    1.37985e-05
    1.38945e-05
     4.2566e-05
    1.23691e-05
    1.17969e-05
    7.25591e-05
    0.000100691
    0.000118978
    3.45994e-05
    1.70034e-05
    9.97268e-06
    8.68465e-06
    5.66989e-05
    2.13667e-05
    7.82964e-06
    2.67295e-05
    6.83237e-06
    4.74988e-05
    1.17812e-05
    4.93451e-06
    4.53044e-06
    2.37749e-05
    4.52118e-06
    1.02572e-05
    4.51738e-06
    4.90963e-06
    1.81657e-05
    1.00377e-05
    3.55504e-06
    3.39814e-06
    2.98099e-06
    3.06417e-06
     2.5318e-06
    3.22895e-06
    3.67702e-06
    2.90316e-06
    3.32099e-06
     2.5306e-06
     2.5197e-06
    2.61329e-06
    2.39632e-06
    2.05081e-06
    1.09573e-05
    1.67616e-06
    4.66467e-06
    4.47675e-06
    2.24883e-05
    1.49414e-05
    1.93551e-06
    1.91685e-06
    3.22283e-06
    4.37463e-05
    1.58372e-06
    7.45435e-06
    4.01003e-06
    1.15342e-06
    5.18374e-06
    1.05644e-06
    2.11782e-06
    2.56515e-06
    1.30051e-06
    9.89457e-06
    5.18801e-06
    1.24367e-05
    4.27577e-05
    7.31624e-07
    6.50454e-07
     3.5378e-06
    6.11306e-07
    6.97567e-07
     3.3461e-05
    6.73567e-07
    1.90313e-06
    5.64749e-07
    5.76403e-07
    3.05903e-06
    1.50049e-05
    6.54246e-06
    7.96138e-07
     3.3724e-07
    9.36776e-06
    3.60783e-07
    4.97327e-07
    1.70692e-06
    3.69447e-06
    4.15507e-07
    3.67881e-07
    3.44929e-07
     2.9526e-07
    3.92299e-07
    1.57052e-06
    6.83239e-06
    6.77958e-07
    3.53613e-07
    1.42746e-06
    2.84345e-07
    1.24208e-06
    2.05244e-07
    1.95536e-07
    1.46729e-06
    1.46484e-06
    1.54163e-07
    1.49821e-07
    1.03127e-06
    9.69746e-07
    1.46703e-06
    3.86482e-06
    1.59821e-07
    1.31715e-07
    2.18507e-07
    4.82467e-07
     9.8522e-07
    9.36287e-08
    8.38348e-08
    1.07832e-07
    1.52905e-07
    1.39147e-07
    2.13337e-07
    9.44271e-08
    3.70355e-07
     7.8489e-08
    7.48251e-08
    8.10717e-08
    7.61904e-08
    6.43745e-08
    4.98563e-08
    9.45851e-07
    1.93159e-07
     6.0202e-08
    6.66962e-08
    6.08147e-08
     7.6565e-08
    1.15731e-07
    4.12268e-08
    4.00676e-08
    3.13597e-07
    1.23204e-07
    1.23115e-07
    7.08247e-08
    8.28345e-08
    6.92122e-08
    7.48702e-08
    4.96993e-08
    5.29289e-08
    3.52802e-08
    7.43887e-08
    1.23937e-07
    3.09796e-08
    2.70458e-08
    2.87434e-08
    2.25208e-08
    2.45998e-08
    2.44069e-08
    3.86521e-08
    3.04003e-07
    4.97254e-08
    3.88161e-08
    9.80076e-08
    3.44949e-08
    1.65923e-08
    1.43584e-08
    3.35565e-08
    6.51525e-08
    1.70911e-08
    2.60957e-08
    1.61662e-08
     1.7893e-08
    1.59592e-08
    1.31749e-08
    1.22705e-08
    1.07985e-08
    3.82129e-08
    1.01076e-08
    9.10643e-09
    8.97127e-09
    4.94825e-08
    8.80712e-09
    3.70728e-08
      8.118e-09
    8.40336e-09
    6.58826e-09
    6.07253e-09
    5.36308e-09
    2.34499e-08
    2.16691e-08
    9.91966e-09
    3.97512e-08
    8.67735e-09
    6.94217e-09
    8.30205e-09
    5.26171e-09
    5.99114e-09
    4.19126e-09
    3.82599e-09
    3.82575e-09
    3.11218e-09
     3.5821e-09
    2.58441e-08
    3.62298e-09
    3.21284e-09
    3.37716e-09
    4.01885e-09
    7.11848e-09
    3.38012e-09
    2.62003e-09
    2.46974e-09
    2.13769e-09
    1.95133e-09
     1.0487e-08
    3.35326e-09
    2.34364e-09
    3.52863e-09
    2.63281e-09
     3.6037e-09
    6.57379e-09
    1.65747e-09
    1.47632e-09
    1.35519e-09
    3.06574e-09
    1.24131e-09
    1.51667e-09
    1.46535e-09
    1.48432e-09
    1.44521e-09
    9.92217e-09
    1.47858e-09
    1.26998e-09
    6.90541e-09
    8.61355e-10
    7.98841e-10
    6.56051e-10
    7.21118e-10
     1.9278e-09
    1.15691e-09
    1.03977e-09
    1.05058e-09
    8.52242e-10
    7.80885e-10
    7.04142e-10
    5.89187e-10
    1.92857e-08
    3.20641e-09
    1.31805e-08
    1.32872e-08
    4.81188e-10
    5.74243e-10
    5.86707e-10
    5.34474e-10
    5.72074e-10
    4.76327e-10
    4.86832e-10
    3.65552e-10
    3.28725e-10
    2.65962e-10
     2.4611e-10
    2.55392e-10
    3.85948e-10
    3.45886e-10
    4.42159e-10
    4.04286e-10
    3.60621e-10
    3.14328e-10
    2.86488e-10
    2.35622e-10
    2.11531e-10
    1.76678e-10
    1.68826e-10
    2.37666e-10
    2.43031e-10
    2.37794e-10
    2.29286e-10
    2.18983e-10
    2.28184e-10
    1.78784e-10
    1.81731e-10
    1.41758e-10
    1.30653e-10
    1.05471e-10
     1.1454e-10
     6.0153e-09
    1.53823e-10
     1.3908e-10
    1.77894e-10
    1.31644e-10
    1.35413e-10
    1.09722e-10
     1.0591e-10
    9.30547e-11
    8.06797e-11
    6.63921e-11
    9.48543e-11
      7.689e-11
    1.06148e-10
    9.90311e-11
    1.02009e-10
    8.50355e-11
    8.27518e-11
     6.7319e-11
    6.48542e-11
    5.20865e-11
    4.51804e-11
    3.89927e-11
    4.57646e-11
    5.77107e-11
    6.07964e-11
     6.4059e-11
    6.19836e-11
    5.07929e-11
    4.92101e-11
    4.15318e-11
    3.62494e-11
    2.99768e-11
    2.47464e-11
    2.08555e-11
    3.15965e-11
    2.88548e-11
    4.25504e-11
    3.96608e-11
    3.96983e-11
    3.34214e-11
    3.11024e-11
    2.50112e-11
    2.16934e-11
    1.72058e-11
    1.43608e-11
    1.71048e-11
    1.83957e-11
    2.53188e-11
    2.39562e-11
    2.48694e-11
    2.31494e-11
    1.93628e-11
     1.7069e-11
     1.6336e-11
    1.43394e-11
    1.22231e-11
    9.85484e-12
    1.49298e-11
    1.12695e-11
    1.76721e-11
    1.54889e-11
    1.55922e-11
    1.30826e-11
    1.11637e-11
    8.96338e-12
    7.27453e-12
    5.82042e-12
     4.6702e-12
    3.73609e-12
    5.23683e-12
    5.64313e-12
    9.43037e-12
    9.06914e-12
    9.23029e-12
    7.43384e-12
    6.26046e-12
    5.00347e-12
    4.04459e-12
    3.23456e-12
    2.59289e-12
    2.07416e-12
    4.86168e-12
    4.18755e-12
    6.72753e-12
    5.54166e-12
    5.39827e-12
    4.27038e-12
     3.5796e-12
    2.84997e-12
     2.3026e-12
    1.83993e-12
    1.47483e-12
    1.17958e-12
    1.98266e-12
    2.96455e-12
    3.18783e-12
     2.8403e-12
     2.3629e-12
    1.93356e-12
    1.55712e-12
    1.25157e-12
    1.00247e-12
    8.02742e-13
    6.42344e-13
    1.99444e-12
    1.45074e-12
    2.47912e-12
    1.85631e-12
    1.74209e-12
    1.37028e-12
    1.13254e-12
    9.02816e-13
    7.26815e-13
    5.81063e-13
    4.65399e-13
    3.72274e-13
    7.78152e-13
    9.33332e-13
    1.23929e-12
      1.224e-12
    1.11959e-12
    9.11397e-13
    7.51683e-13
    6.02312e-13
    4.84987e-13
    3.88055e-13
    3.10852e-13
    2.48689e-13
    8.83573e-13
    6.39887e-13
    6.56092e-13
    5.11692e-13
    4.30173e-13
    3.42285e-13
    2.76463e-13
    2.20944e-13
    1.77073e-13
    1.41632e-13
    1.13343e-13
    9.06717e-14
    7.25418e-14
    5.80331e-14
     4.6427e-14
    3.71415e-14
    2.97133e-14
    2.37706e-14
    1.90165e-14
    1.52132e-14
    1.21706e-14
    9.73645e-15
    7.78916e-15
    6.23133e-15
    4.98506e-15
    3.98805e-15
    3.19044e-15
    2.55235e-15
    2.04188e-15
    1.63351e-15
     1.3068e-15
    1.04544e-15
    8.36355e-16
    6.69084e-16
    5.35267e-16
    4.28214e-16
    3.42571e-16
    2.74057e-16
    2.19245e-16
    1.75396e-16
    1.40317e-16
    1.12254e-16
    8.98029e-17
    7.18423e-17
    5.74739e-17
    4.59791e-17
    3.67833e-17
    2.94266e-17
    2.35413e-17
     1.8833e-17
    1.50664e-17
    1.20531e-17
    9.64251e-18
    7.71401e-18
    6.17121e-18
    4.93697e-18
    3.94957e-18
    3.15966e-18
    2.52773e-18
    2.02218e-18
    1.61775e-18
     1.2942e-18
    1.03536e-18
    8.28286e-19
    6.62628e-19
    5.30103e-19
    4.24082e-19
    3.39266e-19
    2.71413e-19
     2.1713e-19
    1.73704e-19
    1.38963e-19
    1.11171e-19
    8.89365e-20
    7.11492e-20
    5.69194e-20
    4.55355e-20
    3.64284e-20
    2.91427e-20
    2.33142e-20
    1.86513e-20
    1.49211e-20
    1.19369e-20
    9.54948e-21
    7.63959e-21
    6.11167e-21
    4.88933e-21
    3.91147e-21
    3.12917e-21
    2.50334e-21
    2.00267e-21
    1.60214e-21
    1.28171e-21
    1.02537e-21
    8.20294e-22
    6.56235e-22
    5.24988e-22
    4.19991e-22
    3.35993e-22
    2.68794e-22
    2.15035e-22
    1.72028e-22
    1.37623e-22
    1.10098e-22
    8.80784e-23
    7.04627e-23
    5.63702e-23
    4.50962e-23
    3.60769e-23
    2.88615e-23
    2.30892e-23
    1.84714e-23
    1.47771e-23
    1.18217e-23
    9.45735e-24
    7.56588e-24
     6.0527e-24
    4.84216e-24
    3.87373e-24
    3.09898e-24
    2.47919e-24
    1.98335e-24
    1.58668e-24
    1.26934e-24
    1.01547e-24
     8.1238e-25
    6.49904e-25
    5.19923e-25
    4.15939e-25
    3.32751e-25
    2.66201e-25
    2.12961e-25
    1.70368e-25
    1.36295e-25
    1.09036e-25
    8.72286e-26
    6.97829e-26
    5.58263e-26
    4.46611e-26
    3.57288e-26
    2.85831e-26
    2.28665e-26
    1.82932e-26
    1.46345e-26
    1.17076e-26
     9.3661e-27
    7.49288e-27
    5.99431e-27
    4.79544e-27
    3.83636e-27
    3.06908e-27
    2.45527e-27
    1.96421e-27
    1.57137e-27
     1.2571e-27
    1.00568e-27
    8.04542e-28
    6.43634e-28
    5.14907e-28
    4.11926e-28
     3.2954e-28
    2.63632e-28
    2.10906e-28
    1.68725e-28
     1.3498e-28
    1.07984e-28
     8.6387e-29
    6.91096e-29
    5.52877e-29
    4.42302e-29
    3.53841e-29
    2.83073e-29
    2.26458e-29
    1.81167e-29
    1.44933e-29
    1.15947e-29
    9.27574e-30
    7.42059e-30
    5.93647e-30
    4.74918e-30
    3.79934e-30
    3.03947e-30
    2.43158e-30
    1.94526e-30
    1.55621e-30
    1.24497e-30
    9.95975e-31
     7.9678e-31
    6.37424e-31
    5.09939e-31
    4.07951e-31
    3.26361e-31
    2.61089e-31
    2.08871e-31
    1.67097e-31
    1.33677e-31
    1.06942e-31
    8.55536e-32
    6.84429e-32
    5.47543e-32
    4.38034e-32
    3.50427e-32
    2.80342e-32
    2.24274e-32
    1.79419e-32
    1.43535e-32
    1.14828e-32
    9.18624e-33
      7.349e-33
     5.8792e-33
    4.70336e-33
    3.76269e-33
    3.01015e-33
    2.40812e-33
     1.9265e-33
     1.5412e-33
    1.23296e-33
    9.86365e-34
    7.89092e-34
    6.31274e-34
    5.05019e-34
    4.04015e-34
    3.23212e-34
     2.5857e-34
    2.06856e-34
    1.65485e-34
    1.32388e-34
     1.0591e-34
    8.47281e-35
    6.77825e-35
     5.4226e-35
    4.33808e-35
    3.47046e-35
    2.77637e-35
     2.2211e-35
    1.77688e-35
     1.4215e-35
     1.1372e-35
    9.09761e-36
    7.27809e-36
    5.82247e-36
    4.65798e-36
    3.72638e-36
    2.98111e-36
    2.38489e-36
    1.90791e-36
    1.52633e-36
    1.22106e-36
    9.76849e-37
    7.81479e-37
    6.25183e-37
    5.00147e-37
    4.00117e-37
    3.20094e-37
    2.56075e-37
     2.0486e-37
    1.63888e-37
     1.3111e-37
    1.04888e-37
    8.39107e-38
    6.71285e-38
    5.37028e-38
    4.29623e-38
    3.43698e-38
    2.74959e-38
    2.19967e-38
    1.75973e-38
    1.40779e-38
    1.12623e-38
    9.00984e-39
    7.20787e-39
     5.7663e-39
    4.61304e-39
    3.69043e-39
    2.95234e-39
    2.36188e-39
     1.8895e-39
     1.5116e-39
    1.20928e-39
    9.67424e-40
    7.73939e-40
    6.19151e-40
    4.95321e-40
    3.96257e-40
    3.17006e-40
    2.53604e-40
    2.02884e-40
    1.62307e-40
    1.29845e-40
    1.03876e-40
    8.31011e-41
    6.64809e-41
    5.31847e-41
    4.25478e-41
    3.40382e-41
    2.72306e-41
    2.17845e-41
    1.74276e-41
    1.39421e-41
    1.11536e-41
    8.92291e-42
    7.13833e-42
    5.71066e-42
    4.56853e-42
    3.65482e-42
    2.92386e-42
    2.33909e-42
    1.87127e-42
    1.49702e-42
    1.19761e-42
     9.5809e-43
    7.66472e-43
    6.13178e-43
    4.90542e-43
    3.92434e-43
    3.13947e-43
    2.51158e-43
    2.00926e-43
    1.60741e-43
    1.28593e-43
    1.02874e-43
    8.22993e-44
    6.58395e-44
    5.26716e-44
    4.21373e-44
    3.37098e-44
    2.69678e-44
    2.15743e-44
    1.72594e-44
    1.38075e-44
     1.1046e-44
    8.83682e-45
    7.06946e-45
    5.65557e-45
    4.52445e-45
    3.61956e-45
    2.89565e-45
    2.31652e-45
    1.85322e-45
    1.48257e-45
    1.18606e-45
    9.48847e-46
    7.59077e-46
    6.07262e-46
    4.85809e-46
    3.88648e-46
    3.10918e-46
    2.48734e-46
    1.98988e-46
     1.5919e-46
    1.27352e-46
    1.01882e-46
    8.15053e-47
    6.52042e-47
    5.21634e-47
    4.17307e-47
    3.33846e-47
    2.67077e-47
    2.13661e-47
    1.70929e-47
    1.36743e-47
    1.09395e-47
    8.75157e-48
    7.00125e-48
      5.601e-48
     4.4808e-48
    3.58464e-48
    2.86771e-48
    2.29417e-48
    1.83534e-48
    1.46827e-48
    1.17462e-48
    9.39692e-49
    7.51754e-49
    6.01403e-49
    4.81122e-49
    3.84898e-49
    3.07918e-49
    2.46335e-49
    1.97068e-49
    1.57654e-49
    1.26123e-49
    1.00899e-49
    8.07189e-50
    6.45751e-50
    5.16601e-50
    4.13281e-50
    3.30625e-50
      2.645e-50
      2.116e-50
     1.6928e-50
    1.35424e-50
    1.08339e-50
    8.66713e-51
     6.9337e-51
    5.54696e-51
    4.43757e-51
    3.55006e-51
    2.84004e-51
    2.27204e-51
    1.81763e-51
     1.4541e-51
    1.16328e-51
    9.30626e-52
    7.44501e-52
    5.95601e-52
     4.7648e-52
    3.81184e-52
    3.04947e-52
    2.43958e-52
    1.95166e-52
    1.56133e-52
              0
