     0.00523148
      0.0239997
      0.0341139
      0.0336804
      0.0316694
      0.0281858
      0.0239568
      0.0198728
      0.0163357
      0.0135064
      0.0116271
        0.01481
      0.0184203
      0.0210093
      0.0289517
      0.0239906
      0.0329415
      0.0258917
      0.0229717
      0.0219825
      0.0207202
        0.15664
       0.408425
       0.631333
       0.110765
       0.171353
      0.0147199
      0.0128424
      0.0125085
       0.150671
       0.233377
       0.168383
       0.116838
       0.104605
       0.103404
     0.00932161
      0.0101507
      0.0103456
       0.104623
       0.103286
     0.00912852
      0.0706594
      0.0371614
      0.0788418
     0.00587522
      0.0988333
      0.0346717
      0.0046782
     0.00532115
     0.00494952
     0.00473309
     0.00492159
      0.0481114
     0.00411836
     0.00475939
      0.0173161
      0.0232826
     0.00341739
      0.0230439
     0.00355117
     0.00326251
     0.00301101
     0.00291978
      0.0257961
      0.0413073
      0.0025498
      0.0156584
     0.00853149
     0.00199939
      0.0313189
     0.00220466
      0.0154669
      0.0109828
      0.0244872
     0.00165861
      0.0107539
     0.00135189
     0.00564413
      0.0255027
      0.0147355
    0.000932242
      0.0238681
     0.00535317
      0.0102358
      0.0303946
    0.000892452
    0.000835352
     0.00509277
     0.00720942
      0.0162719
      0.0100097
      0.0112983
      0.0175364
      0.0112645
      0.0034519
     0.00484388
     0.00882383
    0.000515167
    0.000527927
    0.000445614
      0.0047116
    0.000395594
     0.00234272
      0.0106279
     0.00301528
    0.000355063
     0.00307434
    0.000317698
     0.00664664
    0.000273887
     0.00725341
    0.000260521
     0.00320485
    0.000254377
     0.00224229
    0.000213731
    0.000215629
    0.000182731
       0.001544
    0.000808113
     0.00152876
    0.000164475
    0.000161673
    0.000154598
    0.000157693
    0.000130848
    0.000129053
    0.000311861
     0.00011712
    0.000110444
     0.00105006
    0.000401252
     0.00146747
    9.57545e-05
     0.00114962
    9.50798e-05
     8.7455e-05
    0.000998877
    0.000365305
    7.69172e-05
    0.000530275
    0.000692745
    0.000199108
    6.15659e-05
    5.91567e-05
    0.000678028
    5.16233e-05
    0.000241886
    4.49357e-05
    4.30194e-05
    0.000169151
    0.000297292
    3.92127e-05
    0.000332932
    4.69588e-05
    4.41361e-05
    5.69415e-05
    0.000239062
    0.000459197
    0.000262605
    2.99918e-05
    0.000101688
    2.80216e-05
    2.55441e-05
     2.6351e-05
    0.000210499
    2.44976e-05
    2.72574e-05
    0.000217629
    2.09451e-05
    0.000153106
    1.76393e-05
     0.00010715
     1.3712e-05
    5.44542e-05
    1.14841e-05
    1.28557e-05
    1.61975e-05
     1.2309e-05
    1.76875e-05
    1.35118e-05
    1.32095e-05
    1.32911e-05
    0.000101889
    2.27554e-05
    7.01679e-05
    7.84466e-05
    7.45888e-06
    2.18715e-05
     7.4074e-06
    4.97271e-05
    6.22806e-05
    7.17692e-06
    6.05278e-06
    5.92123e-06
    1.42327e-05
    6.66107e-05
    3.31324e-05
    4.01403e-06
    6.67389e-05
    4.19566e-06
    0.000116462
    3.78597e-06
    3.19757e-05
     3.8555e-06
    4.37798e-06
    6.51735e-05
    7.65654e-06
    4.48064e-05
     7.9553e-05
     2.1757e-05
    8.47542e-06
    4.42837e-05
    5.09415e-06
    2.23614e-06
    2.18844e-06
    2.43713e-06
    1.99613e-06
    2.23306e-06
    1.91918e-06
    1.80315e-06
    1.05743e-05
     1.4728e-05
    1.63215e-06
    1.67461e-06
    2.18629e-06
    2.88507e-06
    1.97452e-06
    1.38894e-06
     1.4614e-05
    1.42674e-06
    1.29631e-06
    5.34691e-06
    9.76597e-07
    1.10161e-06
    9.71488e-07
    2.99308e-06
    9.63368e-07
    9.35612e-07
    8.54375e-07
    7.80716e-07
    6.85772e-06
    3.54876e-06
    6.17361e-07
    6.73387e-06
    5.39398e-07
     6.3664e-07
    5.61997e-07
    6.10049e-07
    1.47667e-05
    3.77349e-06
    1.95628e-06
    4.74317e-07
    8.47838e-06
    7.74044e-06
    6.69098e-07
    9.67976e-07
    5.05833e-06
    7.30555e-06
    3.16302e-06
    2.24861e-06
    4.46859e-06
    3.16093e-07
    3.52147e-07
    2.45748e-06
    2.87179e-07
    2.75801e-07
     1.2425e-06
    2.17403e-06
    2.56321e-07
    8.26425e-07
    1.12862e-06
     5.5877e-07
    1.58146e-06
    1.12862e-06
    1.90886e-07
    1.81881e-07
    1.60127e-07
    1.49108e-07
     1.6109e-07
    7.22114e-07
    1.14072e-06
    1.17047e-07
    2.21399e-07
    2.11174e-06
    3.19421e-07
    1.23125e-07
    2.42121e-07
     1.0276e-07
    5.08699e-07
    9.36049e-08
    7.83305e-08
    1.30493e-07
    8.80987e-08
    8.14754e-08
     7.9148e-08
    9.97722e-08
    1.08615e-07
    8.96496e-08
    1.23863e-07
    6.04864e-08
    5.46917e-08
     5.2304e-08
    7.01076e-08
    4.18352e-08
    5.17255e-08
    4.80993e-08
    1.05938e-07
    5.51069e-08
    3.27458e-07
    7.41801e-08
     3.9733e-08
    7.63647e-08
    2.22354e-07
    5.68871e-07
    2.75068e-08
    5.14322e-08
    3.00586e-08
    3.80626e-08
    5.02668e-08
    5.65927e-08
    4.96274e-08
    1.62178e-07
    2.58634e-08
    2.34674e-08
    2.24151e-08
    1.49759e-07
      1.981e-08
    2.47183e-08
    1.96373e-08
    1.95782e-08
    3.17533e-08
    1.88184e-08
    5.92855e-08
    4.41271e-08
    4.37103e-08
     1.6173e-08
    3.15988e-08
    1.47343e-08
    2.38736e-08
    1.31661e-08
     3.9817e-08
    1.38874e-08
    1.43562e-08
    1.65305e-08
    1.99416e-08
    2.23662e-08
    9.83697e-09
    1.11662e-08
    5.46501e-08
     2.5819e-08
    3.57503e-08
    1.13938e-08
    4.38142e-08
    1.23296e-07
    7.65462e-09
    6.93238e-09
    6.40709e-09
    6.53713e-09
    9.68835e-09
    5.02939e-09
    4.34015e-09
    3.86055e-09
     1.7752e-08
    4.48877e-09
    5.43452e-09
    1.02311e-08
    1.04668e-08
    1.41521e-08
    4.16624e-09
    4.73516e-09
    3.98587e-09
    2.21803e-08
    2.87496e-09
    2.72158e-09
    2.64627e-09
    8.88546e-09
    1.56392e-08
    3.06453e-09
    3.24507e-09
    2.87852e-09
    2.58095e-09
    2.66149e-09
     2.1456e-09
    2.03459e-09
    7.58382e-09
    1.67234e-09
    2.01139e-09
    7.57619e-09
    2.17023e-09
    2.04127e-09
    2.06765e-09
    2.17692e-09
    1.62655e-09
    1.66424e-09
    1.33328e-09
      1.223e-09
    1.11429e-09
    1.03583e-09
    2.38532e-09
    1.40082e-09
    1.31765e-09
    1.35769e-09
    7.00707e-09
    1.06207e-09
    9.29457e-10
     8.2137e-10
    2.64589e-09
    3.36523e-09
     6.1014e-10
    7.99559e-10
    5.74991e-10
    2.22157e-09
    7.62917e-10
    8.32298e-10
    6.59656e-10
    7.75014e-10
    7.11684e-10
    1.45454e-08
    4.34244e-10
    3.68538e-10
    3.37888e-10
    3.92743e-10
    4.31191e-10
    9.14712e-09
    5.42238e-10
    5.28056e-10
    1.31881e-08
    9.08694e-09
    3.50376e-10
    4.31599e-09
    2.75745e-10
    2.37023e-10
    2.06848e-10
    3.25142e-10
    2.95912e-10
    3.84817e-10
    1.57592e-09
     3.4886e-10
    9.03948e-09
    2.73855e-10
    3.30949e-10
    2.06168e-10
    1.90473e-10
    1.48453e-10
    4.15191e-09
    1.59893e-10
    6.10628e-09
    2.05477e-10
    2.26531e-10
    1.99187e-10
     1.8566e-10
    2.00844e-09
    1.39353e-10
    1.38062e-09
    1.07816e-10
    8.89684e-11
    1.42736e-10
    8.77514e-09
    1.82726e-10
    1.31883e-10
    1.90085e-10
    1.22349e-10
    1.56805e-10
    9.78961e-11
    1.18331e-10
    8.05748e-11
    7.11223e-11
    5.64869e-11
     7.2362e-11
    6.97641e-11
    9.76144e-11
    9.80019e-11
    9.44756e-11
    7.38229e-11
    7.07512e-11
    5.89905e-11
     5.3277e-11
    4.43205e-11
    3.85071e-11
    4.29367e-11
    5.90011e-11
    5.94993e-11
    7.19499e-11
    6.14299e-11
    6.14656e-11
    4.37719e-11
    5.69079e-11
    3.75689e-11
    3.58817e-11
    2.56418e-11
    2.15647e-11
    1.79129e-11
    2.17179e-11
     2.9514e-11
    3.82664e-11
    3.78434e-11
    3.63923e-11
    2.90401e-11
    2.62795e-11
    2.12629e-11
    1.80448e-11
    1.45354e-11
    1.22413e-11
    2.72588e-11
     1.5235e-11
    3.44202e-11
    2.22007e-11
     2.5872e-11
    2.15794e-11
    1.69586e-11
    1.60406e-11
    1.89166e-11
    1.23849e-11
     1.1052e-11
    8.41059e-12
    1.03544e-11
    9.78032e-12
     1.5208e-11
    1.40595e-11
    1.46562e-11
    1.14205e-11
    9.60761e-12
    7.64505e-12
    6.17235e-12
    4.93302e-12
    3.95326e-12
    3.16204e-12
    8.67879e-12
    4.78238e-12
     1.2997e-11
    8.59284e-12
    8.83973e-12
    6.46082e-12
    5.42998e-12
    4.25932e-12
    3.43818e-12
    2.74023e-12
    2.19569e-12
    1.75532e-12
    3.02109e-12
    4.14073e-12
      5.185e-12
    4.91986e-12
    4.75008e-12
    3.64002e-12
    3.05737e-12
    2.41397e-12
    1.95179e-12
    1.55694e-12
    1.24822e-12
    9.98014e-13
    3.64173e-12
    3.84749e-12
     2.9705e-12
    2.59351e-12
    2.03645e-12
    1.66011e-12
    1.32252e-12
    1.06189e-12
    8.48833e-13
    6.79531e-13
    5.43546e-13
    1.18233e-12
     1.2774e-12
    1.75869e-12
    1.60403e-12
    1.48124e-12
    1.15799e-12
    9.61694e-13
    7.62933e-13
     6.1548e-13
     4.9143e-13
    3.93821e-13
    3.14934e-13
    1.56663e-12
    7.91324e-13
    1.79141e-12
    1.03958e-12
    1.04773e-12
    7.73842e-13
    6.48185e-13
    5.10277e-13
     4.1178e-13
    3.28438e-13
    2.63171e-13
    2.10422e-13
    5.14002e-13
    5.64497e-13
    5.57262e-13
    4.32688e-13
    3.65866e-13
    2.89126e-13
     2.3422e-13
    1.86832e-13
    1.49854e-13
    1.19812e-13
    9.58989e-14
    7.67105e-14
    6.13745e-14
    4.90986e-14
    3.92796e-14
    3.14236e-14
    2.51389e-14
    2.01111e-14
    1.60889e-14
    1.28711e-14
    1.02969e-14
    8.23753e-15
    6.59002e-15
    5.27202e-15
    4.21761e-15
    3.37409e-15
    2.69927e-15
    2.15942e-15
    1.72753e-15
    1.38203e-15
    1.10562e-15
    8.84498e-16
    7.07598e-16
    5.66078e-16
    4.52863e-16
     3.6229e-16
    2.89832e-16
    2.31866e-16
    1.85493e-16
    1.48394e-16
    1.18715e-16
    9.49722e-17
    7.59778e-17
    6.07822e-17
    4.86258e-17
    3.89006e-17
    3.11205e-17
    2.48964e-17
    1.99171e-17
    1.59337e-17
     1.2747e-17
    1.01976e-17
    8.15805e-18
    6.52644e-18
    5.22115e-18
    4.17692e-18
    3.34154e-18
    2.67323e-18
    2.13858e-18
    1.71087e-18
    1.36869e-18
    1.09495e-18
    8.75964e-19
    7.00771e-19
    5.60617e-19
    4.48494e-19
    3.58795e-19
    2.87036e-19
    2.29629e-19
    1.83703e-19
    1.46962e-19
     1.1757e-19
    9.40559e-20
    7.52447e-20
    6.01958e-20
    4.81566e-20
    3.85253e-20
    3.08202e-20
    2.46562e-20
     1.9725e-20
      1.578e-20
     1.2624e-20
    1.00992e-20
    8.07934e-21
    6.46347e-21
    5.17078e-21
    4.13662e-21
     3.3093e-21
    2.64744e-21
    2.11795e-21
    1.69436e-21
    1.35549e-21
    1.08439e-21
    8.67513e-22
     6.9401e-22
    5.55208e-22
    4.44166e-22
    3.55333e-22
    2.84266e-22
    2.27413e-22
    1.81931e-22
    1.45544e-22
    1.16436e-22
    9.31484e-23
    7.45188e-23
     5.9615e-23
     4.7692e-23
    3.81536e-23
    3.05229e-23
    2.44183e-23
    1.95346e-23
    1.56277e-23
    1.25022e-23
    1.00017e-23
    8.00139e-24
    6.40111e-24
    5.12089e-24
    4.09671e-24
    3.27737e-24
     2.6219e-24
    2.09752e-24
    1.67801e-24
    1.34241e-24
    1.07393e-24
    8.59143e-25
    6.87314e-25
    5.49851e-25
    4.39881e-25
    3.51905e-25
    2.81524e-25
    2.25219e-25
    1.80175e-25
     1.4414e-25
    1.15312e-25
    9.22497e-26
    7.37998e-26
    5.90398e-26
    4.72319e-26
    3.77855e-26
    3.02284e-26
    2.41827e-26
    1.93462e-26
    1.54769e-26
    1.23816e-26
    9.90524e-27
    7.92419e-27
    6.33935e-27
    5.07148e-27
    4.05719e-27
    3.24575e-27
     2.5966e-27
    2.07728e-27
    1.66182e-27
    1.32946e-27
    1.06357e-27
    8.50854e-28
    6.80683e-28
    5.44546e-28
    4.35637e-28
     3.4851e-28
    2.78808e-28
    2.23046e-28
    1.78437e-28
     1.4275e-28
      1.142e-28
    9.13597e-29
    7.30878e-29
    5.84702e-29
    4.67762e-29
    3.74209e-29
    2.99367e-29
    2.39494e-29
    1.91595e-29
    1.53276e-29
    1.22621e-29
    9.80967e-30
    7.84774e-30
    6.27819e-30
    5.02255e-30
    4.01804e-30
    3.21443e-30
    2.57155e-30
    2.05724e-30
    1.64579e-30
    1.31663e-30
    1.05331e-30
    8.42645e-31
    6.74116e-31
    5.39292e-31
    4.31434e-31
    3.45147e-31
    2.76118e-31
    2.20894e-31
    1.76715e-31
    1.41372e-31
    1.13098e-31
    9.04783e-32
    7.23826e-32
    5.79061e-32
    4.63249e-32
    3.70599e-32
    2.96479e-32
    2.37183e-32
    1.89747e-32
    1.51797e-32
    1.21438e-32
    9.71503e-33
    7.77202e-33
    6.21762e-33
    4.97409e-33
    3.97928e-33
    3.18342e-33
    2.54674e-33
    2.03739e-33
    1.62991e-33
    1.30393e-33
    1.04314e-33
    8.34515e-34
    6.67612e-34
    5.34089e-34
    4.27271e-34
    3.41817e-34
    2.73454e-34
    2.18763e-34
     1.7501e-34
    1.40008e-34
    1.12007e-34
    8.96053e-35
    7.16843e-35
    5.73474e-35
    4.58779e-35
    3.67023e-35
    2.93619e-35
    2.34895e-35
    1.87916e-35
    1.50333e-35
    1.20266e-35
     9.6213e-36
    7.69704e-36
    6.15763e-36
     4.9261e-36
    3.94088e-36
    3.15271e-36
    2.52217e-36
    2.01773e-36
    1.61419e-36
    1.29135e-36
    1.03308e-36
    8.26463e-37
    6.61171e-37
    5.28936e-37
    4.23149e-37
    3.38519e-37
    2.70815e-37
    2.16652e-37
    1.73322e-37
    1.38658e-37
    1.10926e-37
    8.87408e-38
    7.09926e-38
    5.67941e-38
    4.54353e-38
    3.63482e-38
    2.90786e-38
    2.32629e-38
    1.86103e-38
    1.48882e-38
    1.19106e-38
    9.52847e-39
    7.62278e-39
    6.09822e-39
    4.87858e-39
    3.90286e-39
    3.12229e-39
    2.49783e-39
    1.99827e-39
    1.59861e-39
    1.27889e-39
    1.02311e-39
    8.18489e-40
    6.54791e-40
    5.23833e-40
    4.19067e-40
    3.35253e-40
    2.68203e-40
    2.14562e-40
     1.7165e-40
     1.3732e-40
    1.09856e-40
    8.78846e-41
    7.03077e-41
    5.62462e-41
    4.49969e-41
    3.59975e-41
     2.8798e-41
    2.30384e-41
    1.84307e-41
    1.47446e-41
    1.17957e-41
    9.43654e-42
    7.54923e-42
    6.03938e-42
    4.83151e-42
    3.86521e-42
    3.09217e-42
    2.47373e-42
    1.97899e-42
    1.58319e-42
    1.26655e-42
    1.01324e-42
    8.10593e-43
    6.48474e-43
    5.18779e-43
    4.15023e-43
    3.32019e-43
    2.65615e-43
    2.12492e-43
    1.69994e-43
    1.35995e-43
    1.08796e-43
    8.70367e-44
    6.96294e-44
    5.57035e-44
    4.45628e-44
    3.56502e-44
    2.85202e-44
    2.28161e-44
    1.82529e-44
    1.46023e-44
    1.16819e-44
    9.34549e-45
     7.4764e-45
    5.98112e-45
    4.78489e-45
    3.82791e-45
    3.06233e-45
    2.44987e-45
    1.95989e-45
    1.56791e-45
    1.25433e-45
    1.00346e-45
    8.02772e-46
    6.42217e-46
    5.13774e-46
    4.11019e-46
    3.28815e-46
    2.63052e-46
    2.10442e-46
    1.68353e-46
    1.34683e-46
    1.07746e-46
     8.6197e-47
    6.89576e-47
    5.51661e-47
    4.41328e-47
    3.53063e-47
     2.8245e-47
     2.2596e-47
    1.80768e-47
    1.44615e-47
    1.15692e-47
    9.25533e-48
    7.40426e-48
    5.92341e-48
    4.73873e-48
    3.79098e-48
    3.03279e-48
    2.42623e-48
    1.94098e-48
    1.55279e-48
    1.24223e-48
    9.93783e-49
    7.95027e-49
    6.36021e-49
    5.08817e-49
    4.07054e-49
    3.25643e-49
    2.60514e-49
    2.08411e-49
    1.66729e-49
    1.33383e-49
    1.06707e-49
    8.53653e-50
    6.82923e-50
    5.46338e-50
     4.3707e-50
    3.49656e-50
    2.79725e-50
     2.2378e-50
    1.79024e-50
    1.43219e-50
    1.14575e-50
    9.16603e-51
    7.33283e-51
    5.86626e-51
    4.69301e-51
    3.75441e-51
    3.00353e-51
    2.40282e-51
    1.92226e-51
     1.5378e-51
    1.23024e-51
    9.84195e-52
    7.87356e-52
    6.29885e-52
    5.03908e-52
    4.03126e-52
    3.22501e-52
    2.58001e-52
    2.06401e-52
    1.65121e-52
    1.32096e-52
              0
