     0.00692406
      0.0290475
      0.0331909
      0.0286206
      0.0265327
      0.0227087
      0.0184204
      0.0151822
      0.0123731
      0.0103482
     0.00896415
      0.0124536
      0.0155844
      0.0174074
      0.0217059
      0.0176086
      0.0205686
      0.0167869
      0.0153256
      0.0146225
        0.01338
      0.0121107
       0.447235
      0.0102007
       0.288741
      0.0749317
      0.0117545
       0.104177
       0.103995
      0.0739353
      0.0092122
     0.00842553
     0.00745374
       0.101543
       0.189007
      0.0069524
      0.0511634
      0.0711053
     0.00706934
     0.00632278
      0.0497583
      0.0050122
       0.163401
     0.00444535
      0.0636355
      0.0335884
     0.00407551
     0.00372571
      0.0678449
      0.0238484
      0.0332384
       0.033238
      0.0329795
      0.0466597
     0.00341991
      0.0755654
      0.0320178
      0.0225316
      0.0159365
      0.0225605
     0.00233383
      0.0223505
     0.00215428
     0.00207496
     0.00191519
     0.00184117
      0.0108208
     0.00159108
      0.0150567
     0.00138834
      0.0107701
     0.00134999
     0.00130267
     0.00122285
     0.00123973
     0.00113586
      0.0010721
      0.0146837
      0.0238234
    0.000806371
     0.00702542
     0.00501064
     0.00705666
     0.00503026
    0.000748912
      0.0113012
      0.0112301
      0.0048992
      0.0091926
     0.00049647
    0.000526197
    0.000477004
    0.000453032
     0.00336181
    0.000416671
    0.000423868
    0.000437961
    0.000398039
    0.000400484
     0.00234081
      0.0023068
    0.000308291
    0.000273947
     0.00161994
     0.00159281
     0.00318657
     0.00026715
     0.00652453
     0.00317763
    0.000212303
     0.00222634
    0.000204214
    0.000203326
     0.00110982
     0.00019227
    0.000162015
    0.000160037
     0.00348107
     0.00015178
     0.00230673
     0.00440816
     0.00104862
     0.00481575
    0.000542297
    0.000120593
     0.00187626
     0.00302294
     0.00391308
    0.000850681
    0.000503762
    9.71528e-05
    8.43198e-05
     0.00185384
     0.00142398
     0.00141984
    6.64516e-05
    6.25173e-05
    6.07873e-05
    5.60304e-05
    0.000253043
    5.25786e-05
     0.00018627
    5.21543e-05
    0.000246337
    4.62775e-05
    4.18065e-05
    4.01998e-05
    0.000232786
    0.000459509
    3.23654e-05
    2.77646e-05
    3.08111e-05
     3.0455e-05
      0.0010378
    3.27463e-05
    3.18491e-05
    3.44513e-05
    2.86685e-05
     0.00114089
    0.000159971
    0.000112986
    0.000179022
    0.000689709
    8.04165e-05
    0.000195018
    0.000411928
    4.69568e-05
    1.99692e-05
    0.000120142
    0.000106357
    1.44458e-05
     1.3344e-05
    9.37887e-05
    1.02478e-05
    9.47549e-06
    8.96051e-06
    9.51624e-06
    1.17792e-05
    9.61492e-06
    4.00574e-05
    0.000100915
    9.55922e-06
    9.53751e-06
    8.15717e-06
    2.05024e-05
    0.000125613
    2.53339e-05
    8.96809e-05
     4.8167e-05
    6.11208e-06
    5.93952e-06
    5.62455e-06
    5.60674e-06
    4.78757e-06
     1.7829e-05
    4.15106e-06
    2.30117e-05
    2.30475e-05
    3.08723e-06
    4.56249e-05
    3.17996e-06
    4.12097e-05
    0.000222812
    7.53782e-06
    5.74825e-06
    3.09481e-06
    4.42599e-05
    0.000112741
    2.07649e-06
    0.000167782
    4.38137e-05
    6.64483e-05
     1.8261e-06
    7.97295e-06
    1.77555e-06
    5.91518e-06
     1.8045e-06
     3.4188e-05
    2.24446e-05
    7.60707e-06
    9.21704e-05
    2.52976e-06
    2.94999e-05
    1.19702e-06
    1.72113e-05
    1.43753e-06
    1.16892e-06
     1.3104e-06
    2.18021e-05
    1.03647e-06
    1.42691e-05
    9.50941e-07
    3.71654e-06
    2.04073e-06
    9.78522e-06
     9.0575e-06
    8.12783e-07
    2.70087e-06
    7.18937e-07
    6.66207e-07
    6.06268e-07
     5.8803e-07
    1.88124e-06
    4.78096e-07
    8.06679e-06
    2.74887e-06
    4.89657e-07
    3.25412e-06
    4.59472e-07
    1.37681e-06
    4.07215e-07
    1.72724e-06
    3.55524e-07
    1.64712e-06
    4.51036e-06
    1.17988e-06
    2.72993e-07
    2.52077e-07
    2.38933e-07
    2.74215e-07
    2.56084e-07
    1.14643e-06
    5.32754e-07
    5.27388e-07
    8.53866e-07
    3.50796e-07
    6.20722e-07
    1.95382e-07
    6.01522e-07
    1.94096e-07
    1.72296e-07
    1.83609e-07
     1.9285e-07
    1.91639e-07
    3.39517e-06
    2.72178e-07
    4.15035e-07
    3.09586e-07
    2.98251e-07
    1.10331e-07
    2.97502e-07
    1.00411e-07
    9.31095e-08
    1.09345e-07
    1.08926e-07
    3.81012e-07
    1.67947e-07
    8.64569e-08
     7.8619e-08
    7.61558e-08
    1.98189e-07
    6.08462e-08
    5.49171e-08
    6.94771e-08
    1.56783e-07
    6.13172e-08
    7.51716e-08
    1.00612e-07
    4.03398e-07
    4.89079e-08
    4.56119e-07
    4.16376e-08
    1.46245e-07
    3.97782e-08
    2.07111e-07
     4.2884e-08
     4.0627e-08
    3.20343e-07
    4.64729e-08
    2.28318e-07
    2.26624e-07
    3.08442e-08
    2.73266e-08
    6.45066e-08
    2.24877e-08
    5.04821e-08
    4.95844e-08
    2.51837e-08
    2.84857e-08
    2.50641e-08
    3.63385e-08
    2.48894e-08
    2.56829e-08
    1.49072e-07
    1.80408e-08
    1.83187e-08
    2.01997e-08
    1.54909e-08
    1.59485e-08
    1.03871e-07
    1.62214e-08
    1.54701e-08
    1.58863e-08
    1.42103e-08
    3.22839e-08
    1.63868e-08
    1.05556e-08
    1.07022e-08
    9.60698e-09
    9.64962e-08
    1.09537e-08
    1.03676e-08
    1.11358e-08
    1.31396e-08
    1.21909e-08
     8.7928e-09
    1.00733e-08
    7.55402e-09
    7.08427e-09
    2.49256e-08
    6.66705e-09
    5.01327e-09
    6.20262e-09
     6.6013e-09
    6.47932e-09
    5.92516e-09
    5.74864e-09
    5.04086e-09
    2.38881e-08
    4.31966e-09
    3.93358e-09
    9.10949e-08
    3.02254e-09
    4.18874e-09
    1.15774e-08
    4.31268e-09
    3.60718e-09
    3.43651e-09
    2.68816e-08
    2.19106e-08
    3.39053e-09
    1.28845e-08
    2.56608e-09
    2.15762e-09
    1.00772e-08
    1.08723e-08
    2.45313e-09
    2.45899e-09
    2.53601e-09
    8.37132e-09
    2.41735e-09
    3.88994e-09
    2.11832e-09
    1.68692e-09
    3.42662e-09
     5.3249e-09
     1.3402e-09
    1.65371e-09
    1.51885e-09
    1.69664e-09
    1.69394e-09
    1.57467e-09
    1.62201e-09
    3.09679e-09
    3.07876e-09
    9.74368e-10
    9.05564e-10
     7.7913e-10
    8.01436e-10
    9.71415e-10
     1.2265e-09
    1.07338e-09
    1.09097e-09
    8.72245e-10
    1.96331e-08
    7.54765e-10
    1.33912e-08
     6.1031e-10
    5.02976e-10
     2.3191e-09
    6.90128e-10
     4.6959e-10
    8.27335e-10
     6.3071e-10
    1.93632e-08
    1.76426e-09
    1.33399e-08
    5.30044e-10
    3.85979e-10
     3.2478e-10
    2.76558e-10
    2.56804e-10
    3.57591e-10
    3.77006e-10
    4.10744e-10
    4.24672e-10
    3.99865e-10
    3.50296e-10
     3.1452e-10
    2.78716e-10
    2.31064e-10
    2.10509e-10
     1.7855e-10
    1.62635e-10
    2.81662e-10
    2.57987e-10
    3.04466e-10
    2.65276e-10
    2.46701e-10
    2.68019e-10
    2.00699e-10
    2.11429e-10
    1.54743e-10
    1.39086e-10
    1.12051e-10
    1.04574e-10
    1.50243e-10
    1.96124e-10
    1.69092e-10
    6.07739e-09
    1.59755e-10
    1.49513e-10
    1.19044e-10
    1.10869e-10
    9.18168e-11
    8.24879e-11
    6.89851e-11
    1.88912e-08
    8.38651e-11
     1.5291e-10
     1.0074e-10
    1.36802e-10
    1.28514e-08
    1.10967e-10
     7.3531e-11
    8.62521e-11
    6.17832e-11
    5.21893e-11
    4.22776e-11
    6.46916e-11
    5.67996e-11
    8.95738e-11
    8.42099e-11
     7.6512e-11
    5.70741e-11
    5.80741e-11
    1.88125e-08
    1.28052e-08
    3.43176e-11
    2.94016e-11
    3.47689e-11
    5.21224e-11
    2.77801e-09
    5.85283e-11
    5.00386e-11
    4.45062e-11
    3.35231e-11
    1.28041e-08
    2.87317e-11
    8.70525e-09
    1.95648e-11
    1.60305e-11
    1.33069e-11
    2.17395e-11
    2.71003e-11
    3.55947e-11
    3.35025e-11
    2.94851e-11
    2.28417e-11
    2.09548e-11
     1.6326e-11
    1.38039e-11
    1.09748e-11
    9.22865e-12
    2.40073e-11
    1.33794e-11
    2.82631e-11
    1.79274e-11
     1.9913e-11
    1.61988e-11
    1.30753e-11
    2.74082e-09
    1.48533e-11
     1.8652e-09
    8.24435e-12
    6.33661e-12
    1.02759e-11
    8.11249e-12
    1.43711e-11
    1.19641e-11
    1.22281e-11
    8.98318e-12
    7.34045e-12
     5.7641e-12
    4.62806e-12
    3.68903e-12
    2.95321e-12
    2.36093e-12
    7.85954e-12
    4.30754e-12
     1.0974e-11
     7.2526e-12
     6.6555e-12
    4.96158e-12
    4.05443e-12
     3.1954e-12
    2.56607e-12
    2.04704e-12
    1.63876e-12
    1.31032e-12
     3.4358e-12
    3.78222e-12
     5.0153e-12
    4.14688e-12
    3.78693e-12
    2.80752e-12
    2.30416e-12
    1.81483e-12
    1.45906e-12
    1.16378e-12
    9.31897e-13
    7.45103e-13
    3.35697e-12
    3.64736e-12
    2.50129e-12
    2.02376e-12
     1.5606e-12
    1.24929e-12
    9.92331e-13
    7.93787e-13
     6.3419e-13
    5.07329e-13
    4.05764e-13
    1.42855e-12
    1.12573e-12
    1.73774e-12
     1.3435e-12
    1.14695e-12
    8.88295e-13
    7.21547e-13
    5.72844e-13
    4.59758e-13
    3.67238e-13
    2.93979e-13
    2.35114e-13
     1.4647e-12
    7.48425e-13
    1.56204e-12
    9.07532e-13
    8.00651e-13
    5.97302e-13
    4.85578e-13
    3.83422e-13
    3.07543e-13
    2.45452e-13
    1.96448e-13
     1.5709e-13
    6.36143e-13
    5.01002e-13
    4.40792e-13
    3.36416e-13
    2.75304e-13
    2.17737e-13
    1.75038e-13
    1.39703e-13
    1.11871e-13
    8.94569e-14
    7.15789e-14
    5.72583e-14
    4.58083e-14
    3.66461e-14
     2.9317e-14
    2.34536e-14
    1.87629e-14
    1.50103e-14
    1.20082e-14
    9.60659e-15
    7.68527e-15
    6.14822e-15
    4.91857e-15
    3.93486e-15
    3.14789e-15
    2.51831e-15
    2.01465e-15
    1.61172e-15
    1.28937e-15
     1.0315e-15
      8.252e-16
     6.6016e-16
    5.28128e-16
    4.22502e-16
    3.38002e-16
    2.70401e-16
    2.16321e-16
    1.73057e-16
    1.38446e-16
    1.10756e-16
    8.86052e-17
    7.08841e-17
    5.67073e-17
    4.53658e-17
    3.62927e-17
    2.90341e-17
    2.32273e-17
    1.85818e-17
    1.48655e-17
    1.18924e-17
    9.51391e-18
    7.61113e-18
     6.0889e-18
    4.87112e-18
     3.8969e-18
    3.11752e-18
    2.49401e-18
    1.99521e-18
    1.59617e-18
    1.27693e-18
    1.02155e-18
    8.17238e-19
    6.53791e-19
    5.23033e-19
    4.18426e-19
    3.34741e-19
    2.67793e-19
    2.14234e-19
    1.71387e-19
     1.3711e-19
    1.09688e-19
    8.77503e-20
    7.02002e-20
    5.61602e-20
    4.49281e-20
    3.59425e-20
     2.8754e-20
    2.30032e-20
    1.84026e-20
    1.47221e-20
    1.17776e-20
    9.42212e-21
    7.53769e-21
    6.03015e-21
    4.82412e-21
     3.8593e-21
    3.08744e-21
    2.46995e-21
    1.97596e-21
    1.58077e-21
    1.26461e-21
    1.01169e-21
    8.09354e-22
    6.47483e-22
    5.17986e-22
    4.14389e-22
    3.31511e-22
    2.65209e-22
    2.12167e-22
    1.69734e-22
    1.35787e-22
     1.0863e-22
    8.69037e-23
    6.95229e-23
    5.56183e-23
    4.44947e-23
    3.55957e-23
    2.84766e-23
    2.27813e-23
     1.8225e-23
      1.458e-23
     1.1664e-23
    9.33121e-24
    7.46497e-24
    5.97197e-24
    4.77758e-24
    3.82206e-24
    3.05765e-24
    2.44612e-24
     1.9569e-24
    1.56552e-24
    1.25241e-24
    1.00193e-24
    8.01545e-25
    6.41236e-25
    5.12989e-25
    4.10391e-25
    3.28313e-25
     2.6265e-25
     2.1012e-25
    1.68096e-25
    1.34477e-25
    1.07582e-25
    8.60652e-26
    6.88522e-26
    5.50817e-26
    4.40654e-26
    3.52523e-26
    2.82018e-26
    2.25615e-26
    1.80492e-26
    1.44393e-26
    1.15515e-26
    9.24118e-27
    7.39295e-27
    5.91436e-27
    4.73149e-27
    3.78519e-27
    3.02815e-27
    2.42252e-27
    1.93802e-27
    1.55041e-27
    1.24033e-27
    9.92264e-28
    7.93811e-28
    6.35049e-28
    5.08039e-28
    4.06431e-28
    3.25145e-28
    2.60116e-28
    2.08093e-28
    1.66474e-28
    1.33179e-28
    1.06544e-28
    8.52349e-29
    6.81879e-29
    5.45503e-29
    4.36402e-29
    3.49122e-29
    2.79298e-29
    2.23438e-29
     1.7875e-29
       1.43e-29
      1.144e-29
    9.15202e-30
    7.32162e-30
    5.85729e-30
    4.68584e-30
    3.74867e-30
    2.99893e-30
    2.39915e-30
    1.91932e-30
    1.53545e-30
    1.22836e-30
    9.82691e-31
    7.86153e-31
    6.28922e-31
    5.03138e-31
     4.0251e-31
    3.22008e-31
    2.57607e-31
    2.06085e-31
    1.64868e-31
    1.31895e-31
    1.05516e-31
    8.44125e-32
      6.753e-32
     5.4024e-32
    4.32192e-32
    3.45754e-32
    2.76603e-32
    2.21282e-32
    1.77026e-32
    1.41621e-32
    1.13297e-32
    9.06372e-33
    7.25098e-33
    5.80078e-33
    4.64063e-33
     3.7125e-33
       2.97e-33
      2.376e-33
     1.9008e-33
    1.52064e-33
    1.21651e-33
     9.7321e-34
    7.78568e-34
    6.22854e-34
    4.98283e-34
    3.98627e-34
    3.18901e-34
    2.55121e-34
    2.04097e-34
    1.63278e-34
    1.30622e-34
    1.04498e-34
    8.35981e-35
    6.68785e-35
    5.35028e-35
    4.28022e-35
    3.42418e-35
    2.73934e-35
    2.19147e-35
    1.75318e-35
    1.40254e-35
    1.12203e-35
    8.97628e-36
    7.18102e-36
    5.74482e-36
    4.59585e-36
    3.67668e-36
    2.94135e-36
    2.35308e-36
    1.88246e-36
    1.50597e-36
    1.20478e-36
     9.6382e-37
    7.71056e-37
    6.16845e-37
    4.93476e-37
    3.94781e-37
    3.15825e-37
     2.5266e-37
    2.02128e-37
    1.61702e-37
    1.29362e-37
    1.03489e-37
    8.27915e-38
    6.62332e-38
    5.29866e-38
    4.23893e-38
    3.39114e-38
    2.71291e-38
    2.17033e-38
    1.73626e-38
    1.38901e-38
    1.11121e-38
    8.88967e-39
    7.11174e-39
    5.68939e-39
    4.55151e-39
    3.64121e-39
    2.91297e-39
    2.33037e-39
     1.8643e-39
    1.49144e-39
    1.19315e-39
    9.54521e-40
    7.63617e-40
    6.10894e-40
    4.88715e-40
    3.90972e-40
    3.12777e-40
    2.50222e-40
    2.00178e-40
    1.60142e-40
    1.28114e-40
    1.02491e-40
    8.19927e-41
    6.55942e-41
    5.24754e-41
    4.19803e-41
    3.35842e-41
    2.68674e-41
    2.14939e-41
    1.71951e-41
    1.37561e-41
    1.10049e-41
     8.8039e-42
    7.04312e-42
     5.6345e-42
     4.5076e-42
    3.60608e-42
    2.88486e-42
    2.30789e-42
    1.84631e-42
    1.47705e-42
    1.18164e-42
    9.45312e-43
    7.56249e-43
       6.05e-43
       4.84e-43
      3.872e-43
     3.0976e-43
    2.47808e-43
    1.98246e-43
    1.58597e-43
    1.26878e-43
    1.01502e-43
    8.12017e-44
    6.49613e-44
    5.19691e-44
    4.15753e-44
    3.32602e-44
    2.66082e-44
    2.12865e-44
    1.70292e-44
    1.36234e-44
    1.08987e-44
    8.71896e-45
    6.97517e-45
    5.58014e-45
    4.46411e-45
    3.57129e-45
    2.85703e-45
    2.28562e-45
     1.8285e-45
     1.4628e-45
    1.17024e-45
    9.36191e-46
    7.48953e-46
    5.99162e-46
     4.7933e-46
    3.83464e-46
    3.06771e-46
    2.45417e-46
    1.96334e-46
    1.57067e-46
    1.25653e-46
    1.00523e-46
    8.04182e-47
    6.43346e-47
    5.14677e-47
    4.11741e-47
    3.29393e-47
    2.63514e-47
    2.10812e-47
    1.68649e-47
    1.34919e-47
    1.07936e-47
    8.63484e-48
    6.90787e-48
     5.5263e-48
    4.42104e-48
    3.53683e-48
    2.82946e-48
    2.26357e-48
    1.81086e-48
    1.44869e-48
    1.15895e-48
    9.27159e-49
    7.41727e-49
    5.93382e-49
    4.74705e-49
    3.79764e-49
    3.03811e-49
    2.43049e-49
    1.94439e-49
    1.55551e-49
    1.24441e-49
    9.95529e-50
    7.96423e-50
    6.37139e-50
    5.09711e-50
    4.07769e-50
    3.26215e-50
    2.60972e-50
    2.08778e-50
    1.67022e-50
    1.33618e-50
    1.06894e-50
    8.55153e-51
    6.84122e-51
    5.47298e-51
    4.37838e-51
    3.50271e-51
    2.80217e-51
    2.24173e-51
    1.79339e-51
    1.43471e-51
    1.14777e-51
    9.18214e-52
    7.34571e-52
    5.87657e-52
    4.70125e-52
      3.761e-52
     3.0088e-52
    2.40704e-52
    1.92563e-52
    1.54051e-52
    1.23241e-52
    9.85924e-53
              0
