       0.011203
      0.0439454
      0.0413721
      0.0319411
      0.0304766
      0.0250039
      0.0187301
      0.0153894
      0.0124409
      0.0110177
     0.00926209
      0.0115143
       0.014895
      0.0159104
      0.0174233
      0.0158565
      0.0160395
      0.0146407
      0.0137529
      0.0125082
       0.149631
       0.213897
      0.0108614
      0.0110418
       0.476805
        0.17027
      0.0124949
      0.0110164
      0.0106895
      0.0106402
     0.00938909
        0.24136
      0.0511657
       0.101298
      0.0074826
       0.164301
      0.0711591
      0.0500188
     0.00660864
     0.00600609
     0.00563248
      0.0990062
      0.0344634
      0.0046492
      0.0682555
      0.0334075
     0.00435284
     0.00404103
     0.00403235
       0.003754
     0.00409733
      0.0471655
     0.00356487
     0.00327103
      0.0032487
      0.0664643
      0.0460755
     0.00238543
     0.00216699
      0.0658459
     0.00214336
     0.00221394
      0.0157293
      0.0283292
     0.00192763
      0.0355864
     0.00154839
     0.00146347
      0.0106163
      0.0150883
     0.00147627
      0.0199502
     0.00770894
       0.017015
      0.0148924
      0.0012462
     0.00114775
     0.00104218
     0.00721353
     0.00510618
      0.0100368
    0.000740727
     0.00704751
    0.000704727
     0.00269619
      0.0069668
     0.00490096
     0.00688533
     0.00347793
     0.00248925
    0.000527355
     0.00680141
     0.00973621
      0.0004763
      0.0090293
     0.00245585
    0.000452287
     0.00470596
    0.000414048
    0.000365104
     0.00463276
     0.00858837
      0.0158836
    0.000296035
    0.000242652
     0.00024962
     0.00117831
    0.000232695
     0.00948192
    0.000219325
     0.00158437
     0.00157185
     0.00062382
    0.000189965
     0.00216779
      0.0044547
    0.000151142
    0.000145195
    0.000160384
     0.00149334
    0.000155145
    0.000136563
    0.000137417
    0.000548658
    0.000121157
    0.000103496
    0.000105026
     0.00144113
    9.29021e-05
       0.001126
    8.81621e-05
    0.000702716
    7.96527e-05
    7.25327e-05
    6.66084e-05
     0.00140776
    0.000774059
    0.000487554
    5.39979e-05
    5.17463e-05
    5.58664e-05
      0.0014016
    0.000906733
     0.00126251
    4.90099e-05
    0.000861886
    0.000331232
    3.92553e-05
    0.000520626
    3.36484e-05
    3.03104e-05
    3.17587e-05
    0.000654861
    3.14398e-05
    0.000162938
    0.000317977
    0.000653508
    2.61555e-05
    2.43073e-05
    2.42364e-05
    2.18619e-05
    0.000279332
    8.32335e-05
    1.88227e-05
    1.89697e-05
     0.00015373
       1.82e-05
    8.11611e-05
    1.67229e-05
    0.000302438
    0.000147556
    1.30043e-05
    1.28123e-05
     1.0421e-05
    9.66482e-06
    9.09406e-06
    8.30398e-06
    1.01767e-05
    1.00534e-05
    2.29547e-05
    9.50047e-06
    0.000142654
      8.618e-06
    7.72149e-06
    7.08374e-06
    6.15463e-06
     5.8466e-06
    6.46779e-06
     6.7405e-05
    7.32296e-06
    3.44268e-05
    6.20621e-06
    5.67307e-06
    5.17582e-06
    4.58686e-06
    2.17068e-05
    1.25858e-05
    5.19483e-05
    1.63122e-05
    3.22936e-06
    3.17955e-06
    1.20641e-05
    1.60604e-05
    3.12332e-06
     2.7378e-06
    9.80315e-06
    2.45996e-05
     6.4555e-06
     2.0376e-06
    7.51105e-06
    1.10297e-05
    2.02184e-06
    5.00436e-05
     4.1452e-06
    2.13043e-05
    8.03015e-06
    1.79626e-06
    1.68969e-06
    1.87797e-06
    2.10175e-05
    1.36709e-06
    5.44125e-06
    2.34618e-05
    1.16251e-06
    1.62568e-05
    2.07128e-05
    1.13776e-06
    1.20533e-06
    1.06819e-06
    7.11512e-06
    1.02591e-06
    1.12096e-05
    1.47245e-06
    8.28117e-06
    8.06444e-07
    2.13523e-06
    8.63547e-07
    9.07054e-07
    2.68965e-06
    7.45491e-07
    6.75908e-07
    5.83159e-07
    1.52561e-06
    7.45759e-06
    1.44368e-06
    2.20275e-06
    4.65248e-07
    7.34057e-07
    7.21961e-06
    4.47752e-07
    4.58737e-07
    3.92366e-07
    3.75769e-07
    6.14586e-07
    9.39911e-07
    2.39906e-06
    3.09499e-06
    2.81981e-07
    2.73244e-07
    1.16986e-06
    1.58335e-06
    9.14253e-07
    2.95858e-07
    2.93343e-07
    8.57284e-07
    1.82065e-06
    3.61608e-07
    1.89435e-07
    2.03145e-07
    2.00678e-07
    7.61129e-07
    2.03874e-07
    1.76605e-07
    6.80336e-07
    1.65035e-07
    1.48499e-07
    1.33045e-07
    1.19704e-07
    1.05698e-07
    2.53966e-07
    7.05155e-07
    4.35178e-07
    3.91854e-07
    1.18047e-07
     2.2101e-07
    1.12562e-07
     2.0249e-07
    1.48755e-07
    3.59156e-07
    8.09984e-08
    6.86961e-08
     4.7794e-07
    5.79557e-08
    1.25199e-07
    6.48947e-08
    5.62951e-08
    7.18638e-08
    5.94395e-08
     1.0026e-07
    4.95206e-08
    4.43173e-08
    8.13772e-08
    3.92664e-08
    3.67131e-08
    4.54781e-08
    6.58616e-07
    7.59221e-08
    1.96753e-06
    4.70141e-07
    4.91885e-08
    2.84976e-06
     9.1936e-07
     1.3349e-06
    3.66725e-07
    2.39648e-08
    2.92864e-08
    2.71103e-08
    2.51408e-08
     1.1592e-07
     2.4843e-08
    1.24552e-07
    1.74781e-07
    1.12552e-07
    1.50009e-07
    1.80653e-08
    2.99132e-07
    1.63992e-08
    2.64227e-07
    1.47449e-07
    2.01279e-08
    1.86047e-08
    1.91249e-08
    2.57901e-08
    2.75205e-08
      1.542e-08
    1.90236e-08
    1.15731e-08
    1.41412e-08
    1.02722e-08
    9.71339e-09
    1.12648e-08
    1.06193e-08
    2.02805e-07
    1.05113e-08
    1.32596e-08
    9.17929e-09
    5.52823e-07
    7.90662e-09
    2.58981e-08
    6.56906e-08
    5.22254e-09
    1.40921e-08
    7.09676e-09
    2.05779e-08
     7.5307e-09
    6.31405e-09
    3.42735e-08
    1.95158e-07
    5.67271e-09
    1.33465e-07
    8.24738e-09
    3.51105e-09
    1.32417e-07
    4.34281e-09
    9.15864e-08
    8.23065e-09
    9.14546e-08
    3.58046e-09
     3.5509e-09
    3.13712e-09
     2.4434e-08
    5.49058e-09
    2.85673e-07
     3.3769e-09
    1.92851e-09
    2.14071e-08
    1.16992e-08
    1.47311e-08
    4.35488e-08
    2.46843e-09
    2.64621e-09
    2.19682e-09
    1.89494e-08
    1.95561e-07
    1.59134e-09
    3.15918e-09
    1.36269e-09
     1.5919e-09
    1.44506e-09
    1.65342e-09
    6.40516e-08
    4.23875e-09
    1.44023e-09
    1.19193e-09
    7.06222e-09
    1.01882e-09
    3.04698e-07
    4.81399e-09
    1.93272e-07
    6.08292e-08
    2.90093e-09
    1.12723e-09
    1.91129e-07
    9.98382e-10
    9.81395e-10
    8.91233e-10
    6.38006e-10
    5.85885e-10
    5.24752e-10
    2.30949e-09
    6.74566e-10
    4.83232e-10
    7.58654e-10
    9.25805e-09
    3.40992e-08
    4.66686e-10
    5.07982e-10
    2.30215e-09
    3.83314e-10
    1.91025e-08
    2.82622e-10
    2.52623e-10
    5.04281e-09
    4.77772e-10
    4.89252e-10
      3.227e-09
    1.65342e-09
    4.20008e-10
    3.22512e-10
    3.28543e-10
    2.09049e-09
    2.06483e-10
    1.77219e-10
    1.68668e-10
     2.7759e-10
    1.16288e-08
    2.94254e-10
     2.4531e-10
     2.4747e-10
    2.39891e-10
    1.99535e-10
    1.86908e-10
    1.54508e-10
    1.36948e-10
    1.15923e-10
    1.03209e-10
    1.97457e-10
     2.6495e-10
    1.73298e-10
    1.98889e-10
    1.59843e-10
    1.73844e-10
    1.21244e-10
    1.27289e-10
    9.43109e-11
    8.36864e-11
     7.0247e-11
    1.15919e-10
    9.23969e-11
    1.23212e-10
    1.03302e-10
    1.13607e-10
    8.67544e-11
    9.58303e-11
       7.37e-11
     7.7211e-11
    6.19462e-11
    5.27275e-11
    4.31491e-11
    8.77997e-11
    5.94825e-11
    1.13029e-10
     9.1347e-11
     7.6947e-11
    5.78281e-11
    6.62966e-11
    4.58167e-11
    5.04323e-11
    3.51689e-11
    2.96037e-11
    3.13242e-11
    4.88351e-11
    4.15693e-11
    5.41154e-11
    4.45437e-11
    4.28647e-11
    3.32427e-11
    3.57252e-11
    2.78935e-11
    2.53178e-11
    1.97282e-11
    1.58675e-11
    1.34949e-11
     3.2519e-11
     3.0923e-11
    4.21636e-11
    3.68639e-11
    2.95145e-11
    2.32689e-11
    2.29652e-11
    1.66922e-11
    1.49531e-11
    1.12198e-11
    9.29157e-12
     2.0264e-11
    1.41864e-11
    2.28384e-11
     1.7738e-11
    1.69359e-11
    1.57778e-11
     1.3261e-11
    1.14137e-11
    1.26536e-11
    9.73163e-12
    8.02661e-12
    6.32514e-12
    1.52434e-11
    8.72444e-12
    1.87949e-11
    1.23705e-11
    1.29636e-11
    8.97644e-12
    7.42562e-12
    5.76582e-12
     4.6372e-12
    3.68956e-12
    2.95421e-12
    2.36102e-12
    6.97089e-12
    4.50415e-12
    9.13953e-12
    6.86346e-12
    6.55086e-12
    4.91981e-12
    4.03362e-12
    3.19086e-12
    2.56329e-12
    2.04651e-12
    1.63842e-12
    1.31025e-12
    5.74337e-12
    4.19541e-12
     6.7182e-12
    4.36403e-12
    3.93105e-12
    2.85177e-12
    2.31889e-12
    1.82112e-12
    1.46065e-12
    1.16459e-12
    9.32079e-13
    7.45203e-13
    2.94603e-12
    3.45882e-12
    2.50532e-12
    1.99623e-12
    1.56225e-12
    1.24618e-12
    9.92464e-13
    7.93443e-13
    6.34197e-13
    5.07291e-13
    4.05764e-13
    2.49558e-12
    1.25704e-12
    2.53839e-12
    1.45758e-12
    1.20525e-12
     9.0858e-13
    7.27262e-13
    5.75607e-13
    4.60378e-13
    3.67587e-13
    2.94051e-13
    2.35157e-13
    1.27468e-12
    7.90465e-13
     1.4061e-12
    9.41559e-13
    7.79545e-13
    6.01558e-13
    4.83267e-13
    3.83856e-13
    3.07294e-13
    2.45496e-13
     1.9642e-13
    1.57095e-13
    1.12954e-12
     5.6172e-13
    4.75497e-13
    3.47881e-13
     2.7866e-13
    2.19321e-13
    1.75399e-13
    1.39904e-13
    1.11913e-13
    8.94816e-14
    7.15838e-14
    5.72613e-14
    4.58089e-14
    3.66464e-14
    2.93171e-14
    2.34536e-14
    1.87629e-14
    1.50103e-14
    1.20082e-14
    9.60659e-15
    7.68527e-15
    6.14822e-15
    4.91857e-15
    3.93486e-15
    3.14789e-15
    2.51831e-15
    2.01465e-15
    1.61172e-15
    1.28937e-15
     1.0315e-15
      8.252e-16
     6.6016e-16
    5.28128e-16
    4.22502e-16
    3.38002e-16
    2.70401e-16
    2.16321e-16
    1.73057e-16
    1.38446e-16
    1.10756e-16
    8.86052e-17
    7.08841e-17
    5.67073e-17
    4.53658e-17
    3.62927e-17
    2.90341e-17
    2.32273e-17
    1.85818e-17
    1.48655e-17
    1.18924e-17
    9.51391e-18
    7.61113e-18
     6.0889e-18
    4.87112e-18
     3.8969e-18
    3.11752e-18
    2.49401e-18
    1.99521e-18
    1.59617e-18
    1.27693e-18
    1.02155e-18
    8.17238e-19
    6.53791e-19
    5.23033e-19
    4.18426e-19
    3.34741e-19
    2.67793e-19
    2.14234e-19
    1.71387e-19
     1.3711e-19
    1.09688e-19
    8.77503e-20
    7.02002e-20
    5.61602e-20
    4.49281e-20
    3.59425e-20
     2.8754e-20
    2.30032e-20
    1.84026e-20
    1.47221e-20
    1.17776e-20
    9.42212e-21
    7.53769e-21
    6.03015e-21
    4.82412e-21
     3.8593e-21
    3.08744e-21
    2.46995e-21
    1.97596e-21
    1.58077e-21
    1.26461e-21
    1.01169e-21
    8.09354e-22
    6.47483e-22
    5.17986e-22
    4.14389e-22
    3.31511e-22
    2.65209e-22
    2.12167e-22
    1.69734e-22
    1.35787e-22
     1.0863e-22
    8.69037e-23
    6.95229e-23
    5.56183e-23
    4.44947e-23
    3.55957e-23
    2.84766e-23
    2.27813e-23
     1.8225e-23
      1.458e-23
     1.1664e-23
    9.33121e-24
    7.46497e-24
    5.97197e-24
    4.77758e-24
    3.82206e-24
    3.05765e-24
    2.44612e-24
     1.9569e-24
    1.56552e-24
    1.25241e-24
    1.00193e-24
    8.01545e-25
    6.41236e-25
    5.12989e-25
    4.10391e-25
    3.28313e-25
     2.6265e-25
     2.1012e-25
    1.68096e-25
    1.34477e-25
    1.07582e-25
    8.60652e-26
    6.88522e-26
    5.50817e-26
    4.40654e-26
    3.52523e-26
    2.82018e-26
    2.25615e-26
    1.80492e-26
    1.44393e-26
    1.15515e-26
    9.24118e-27
    7.39295e-27
    5.91436e-27
    4.73149e-27
    3.78519e-27
    3.02815e-27
    2.42252e-27
    1.93802e-27
    1.55041e-27
    1.24033e-27
    9.92264e-28
    7.93811e-28
    6.35049e-28
    5.08039e-28
    4.06431e-28
    3.25145e-28
    2.60116e-28
    2.08093e-28
    1.66474e-28
    1.33179e-28
    1.06544e-28
    8.52349e-29
    6.81879e-29
    5.45503e-29
    4.36402e-29
    3.49122e-29
    2.79298e-29
    2.23438e-29
     1.7875e-29
       1.43e-29
      1.144e-29
    9.15202e-30
    7.32162e-30
    5.85729e-30
    4.68584e-30
    3.74867e-30
    2.99893e-30
    2.39915e-30
    1.91932e-30
    1.53545e-30
    1.22836e-30
    9.82691e-31
    7.86153e-31
    6.28922e-31
    5.03138e-31
     4.0251e-31
    3.22008e-31
    2.57607e-31
    2.06085e-31
    1.64868e-31
    1.31895e-31
    1.05516e-31
    8.44125e-32
      6.753e-32
     5.4024e-32
    4.32192e-32
    3.45754e-32
    2.76603e-32
    2.21282e-32
    1.77026e-32
    1.41621e-32
    1.13297e-32
    9.06372e-33
    7.25098e-33
    5.80078e-33
    4.64063e-33
     3.7125e-33
       2.97e-33
      2.376e-33
     1.9008e-33
    1.52064e-33
    1.21651e-33
     9.7321e-34
    7.78568e-34
    6.22854e-34
    4.98283e-34
    3.98627e-34
    3.18901e-34
    2.55121e-34
    2.04097e-34
    1.63278e-34
    1.30622e-34
    1.04498e-34
    8.35981e-35
    6.68785e-35
    5.35028e-35
    4.28022e-35
    3.42418e-35
    2.73934e-35
    2.19147e-35
    1.75318e-35
    1.40254e-35
    1.12203e-35
    8.97628e-36
    7.18102e-36
    5.74482e-36
    4.59585e-36
    3.67668e-36
    2.94135e-36
    2.35308e-36
    1.88246e-36
    1.50597e-36
    1.20478e-36
     9.6382e-37
    7.71056e-37
    6.16845e-37
    4.93476e-37
    3.94781e-37
    3.15825e-37
     2.5266e-37
    2.02128e-37
    1.61702e-37
    1.29362e-37
    1.03489e-37
    8.27915e-38
    6.62332e-38
    5.29866e-38
    4.23893e-38
    3.39114e-38
    2.71291e-38
    2.17033e-38
    1.73626e-38
    1.38901e-38
    1.11121e-38
    8.88967e-39
    7.11174e-39
    5.68939e-39
    4.55151e-39
    3.64121e-39
    2.91297e-39
    2.33037e-39
     1.8643e-39
    1.49144e-39
    1.19315e-39
    9.54521e-40
    7.63617e-40
    6.10894e-40
    4.88715e-40
    3.90972e-40
    3.12777e-40
    2.50222e-40
    2.00178e-40
    1.60142e-40
    1.28114e-40
    1.02491e-40
    8.19927e-41
    6.55942e-41
    5.24754e-41
    4.19803e-41
    3.35842e-41
    2.68674e-41
    2.14939e-41
    1.71951e-41
    1.37561e-41
    1.10049e-41
     8.8039e-42
    7.04312e-42
     5.6345e-42
     4.5076e-42
    3.60608e-42
    2.88486e-42
    2.30789e-42
    1.84631e-42
    1.47705e-42
    1.18164e-42
    9.45312e-43
    7.56249e-43
       6.05e-43
       4.84e-43
      3.872e-43
     3.0976e-43
    2.47808e-43
    1.98246e-43
    1.58597e-43
    1.26878e-43
    1.01502e-43
    8.12017e-44
    6.49613e-44
    5.19691e-44
    4.15753e-44
    3.32602e-44
    2.66082e-44
    2.12865e-44
    1.70292e-44
    1.36234e-44
    1.08987e-44
    8.71896e-45
    6.97517e-45
    5.58014e-45
    4.46411e-45
    3.57129e-45
    2.85703e-45
    2.28562e-45
     1.8285e-45
     1.4628e-45
    1.17024e-45
    9.36191e-46
    7.48953e-46
    5.99162e-46
     4.7933e-46
    3.83464e-46
    3.06771e-46
    2.45417e-46
    1.96334e-46
    1.57067e-46
    1.25653e-46
    1.00523e-46
    8.04182e-47
    6.43346e-47
    5.14677e-47
    4.11741e-47
    3.29393e-47
    2.63514e-47
    2.10812e-47
    1.68649e-47
    1.34919e-47
    1.07936e-47
    8.63484e-48
    6.90787e-48
     5.5263e-48
    4.42104e-48
    3.53683e-48
    2.82946e-48
    2.26357e-48
    1.81086e-48
    1.44869e-48
    1.15895e-48
    9.27159e-49
    7.41727e-49
    5.93382e-49
    4.74705e-49
    3.79764e-49
    3.03811e-49
    2.43049e-49
    1.94439e-49
    1.55551e-49
    1.24441e-49
    9.95529e-50
    7.96423e-50
    6.37139e-50
    5.09711e-50
    4.07769e-50
    3.26215e-50
    2.60972e-50
    2.08778e-50
    1.67022e-50
    1.33618e-50
    1.06894e-50
    8.55153e-51
    6.84122e-51
    5.47298e-51
    4.37838e-51
    3.50271e-51
    2.80217e-51
    2.24173e-51
    1.79339e-51
    1.43471e-51
    1.14777e-51
    9.18214e-52
    7.34571e-52
    5.87657e-52
    4.70125e-52
      3.761e-52
     3.0088e-52
    2.40704e-52
    1.92563e-52
    1.54051e-52
    1.23241e-52
    9.85924e-53
              0
