     0.00651953
      0.0290906
      0.0408622
      0.0453234
      0.0467796
      0.0413094
       0.036272
      0.0306117
      0.0253754
      0.0207636
      0.0177896
      0.0202401
      0.0331268
      0.0425751
      0.0396189
      0.0468419
      0.0470154
      0.0380909
       0.404721
       0.574186
       0.118229
       0.117136
       0.159281
      0.0194571
      0.0218072
      0.0230042
       0.213715
       0.115784
       0.155268
      0.0221468
      0.0200474
      0.0185759
      0.0794974
      0.0133879
      0.0128609
      0.0759095
      0.0158173
      0.0137803
      0.0136185
      0.0122405
      0.0117437
       0.141363
      0.0544329
      0.0542539
      0.0320532
      0.0080891
      0.0297478
     0.00840374
       0.037658
      0.0366821
     0.00869144
     0.00694653
     0.00665574
     0.00619858
     0.00625561
     0.00517713
      0.0870757
     0.00498689
      0.0339086
      0.0184313
      0.0183158
      0.0347928
     0.00475589
     0.00405285
     0.00438988
      0.0176088
     0.00375048
     0.00301319
      0.0119784
     0.00278929
      0.0164154
     0.00255277
     0.00326624
      0.0187384
     0.00272584
      0.0149385
     0.00232793
     0.00196143
     0.00500343
      0.0018347
     0.00788184
     0.00143225
     0.00427421
     0.00146562
     0.00564113
     0.00131853
     0.00408548
      0.0117374
     0.00737245
     0.00730711
     0.00116419
     0.00093268
      0.0011701
    0.000929445
       0.001105
     0.00114006
     0.00101832
    0.000791178
    0.000815047
     0.00205545
     0.00201847
    0.000698921
    0.000532375
    0.000588337
    0.000474179
    0.000458659
    0.000500825
     0.00051159
     0.00346342
    0.000552559
      0.0047797
    0.000518233
     0.00107969
       0.000393
    0.000860498
    0.000336457
    0.000303054
    0.000323095
    0.000345928
      0.0031665
     0.00165427
    0.000680851
     0.00305779
      0.0031724
     0.00181443
    0.000219049
    0.000713127
    0.000179489
     0.00309725
     0.00474189
    0.000168035
    0.000150588
     0.00106557
     0.00150022
     0.00148669
     0.00177277
    0.000336113
     0.00075373
    0.000736158
    0.000113267
     0.00101678
    0.000107872
    0.000106911
     0.00115161
    8.77522e-05
    0.000297095
    0.000517217
     0.00027217
    0.000503795
    6.14314e-05
     0.00149728
    0.000970444
    6.07081e-05
    5.20235e-05
    5.69113e-05
    0.000970697
     0.00101007
    0.000674604
    0.000339408
    4.31527e-05
    0.000329157
    3.68875e-05
    3.48928e-05
    3.37135e-05
    0.000165087
    0.000229429
    3.13305e-05
    3.21306e-05
    2.86973e-05
     0.00011802
    2.47839e-05
    0.000157278
    2.27184e-05
    0.000153209
    0.000151817
    1.62141e-05
    4.38498e-05
    1.82463e-05
    4.75523e-05
    0.000151088
    4.67369e-05
    8.02398e-05
    1.59746e-05
    1.58886e-05
     6.1973e-05
    1.30897e-05
     1.1414e-05
     3.7922e-05
    1.02418e-05
    5.40572e-05
    2.03514e-05
     1.0796e-05
     3.0007e-05
    2.34885e-05
    9.64423e-06
     8.7572e-06
    4.93225e-05
    7.28275e-06
    6.49131e-06
    5.73139e-06
    5.53958e-06
    2.78421e-05
    5.29441e-06
    5.71513e-06
    2.17083e-05
    6.72204e-06
    5.41608e-06
    0.000115011
    7.05275e-05
    4.01034e-06
    4.03536e-06
    3.59674e-05
    4.09465e-06
    5.79662e-06
    7.99965e-06
     4.6322e-06
    3.39397e-06
    3.28823e-06
    3.37245e-06
    1.21597e-05
    2.74678e-06
    2.56231e-06
    4.99415e-06
    2.37266e-06
    3.04473e-06
    1.20482e-05
    2.39497e-06
    2.68074e-06
    4.49283e-05
    2.85922e-06
    2.31643e-06
    2.76675e-05
    5.92796e-06
    5.73922e-06
    1.46595e-06
    1.30376e-06
    4.13607e-06
     2.3706e-06
    2.73554e-06
    1.99946e-06
    1.28605e-06
    2.34183e-06
    1.54175e-06
    9.85396e-07
    7.91328e-06
    2.30704e-05
    8.67705e-07
    8.00609e-07
     8.6851e-07
    9.63217e-07
    8.60939e-07
    4.95799e-06
    2.65428e-06
    7.25304e-07
    2.16318e-06
    2.54573e-06
     9.7611e-07
    4.98409e-07
    4.35149e-07
    1.35652e-06
    1.77218e-06
    5.79726e-07
    5.95761e-07
    6.50839e-07
    7.09088e-07
    5.17041e-07
    1.33024e-06
    3.80919e-07
    8.01674e-07
    3.34665e-07
    3.72537e-07
    1.65522e-06
    6.05375e-07
    3.45506e-07
    3.63665e-07
    1.38223e-06
    1.57598e-06
    2.50699e-07
    2.12991e-07
     2.0358e-07
    2.01416e-07
    7.93212e-07
    1.85313e-07
    1.00466e-06
    2.08004e-07
    1.89139e-07
    2.01842e-07
    2.99639e-06
    1.53457e-07
    1.52076e-07
    3.16685e-07
    1.20263e-07
    1.12342e-07
    1.40705e-06
    3.57063e-07
    2.38476e-07
    5.08028e-07
    1.28971e-07
    3.11347e-07
    1.63723e-07
    4.05274e-07
    9.13675e-08
     1.2318e-07
     9.5277e-08
    6.62113e-08
    7.24139e-08
    9.60975e-08
    1.04427e-07
    2.69976e-07
    7.70165e-08
    1.13108e-07
    3.40855e-07
    5.47066e-08
    2.40417e-07
    9.15017e-08
    4.37548e-08
    2.33022e-07
    2.03711e-07
    1.27958e-07
    1.34988e-07
    7.45304e-08
    6.74298e-08
    5.55573e-08
    5.14258e-08
    4.58333e-08
    1.07784e-07
    4.09048e-08
    3.56096e-08
    3.63375e-08
    2.93682e-08
     3.1088e-08
    3.23697e-08
    4.04576e-08
    3.51757e-08
    2.81923e-08
    2.69905e-08
    3.02402e-07
    8.52498e-08
    2.36183e-08
    1.90026e-08
    5.97619e-08
    3.64416e-08
    2.34315e-08
    3.67806e-08
    6.62745e-08
    2.39747e-08
    2.21535e-08
    2.88348e-08
     2.8633e-08
    1.46256e-08
    2.23754e-08
    1.29982e-08
    1.13242e-08
     1.1103e-08
    1.13541e-08
    1.11717e-08
    1.29897e-08
    1.03738e-08
    1.05148e-08
    8.51203e-09
    7.87738e-09
    7.33572e-09
    6.28589e-09
    1.34588e-08
    4.02316e-08
    8.79716e-09
    1.26312e-08
     1.0363e-08
    9.50752e-09
    7.04477e-09
     7.8589e-09
    2.00669e-08
    4.92416e-09
    5.29989e-09
    4.08192e-09
    4.63375e-09
     3.8634e-09
    4.48294e-09
    4.04067e-09
    4.23352e-09
    4.89605e-09
     4.0267e-09
    4.42562e-09
    3.41338e-09
    3.35879e-09
    2.75252e-09
    4.33562e-09
    2.25554e-09
    1.01655e-08
    3.04312e-09
    4.67744e-09
    3.45217e-09
    3.31189e-09
     3.8555e-09
    3.46921e-09
    1.92576e-09
    1.75162e-09
    1.56538e-09
    1.55125e-09
    1.76697e-09
    1.74278e-09
     1.8478e-09
    1.81972e-09
    1.43633e-08
    1.83769e-09
     1.0295e-08
    1.32454e-09
    1.12671e-09
    1.05112e-09
    8.57458e-10
    8.73591e-10
    8.38243e-10
    1.31908e-09
    1.25935e-09
    1.36662e-09
    1.08817e-09
    2.90356e-09
    1.96524e-08
    1.48031e-08
    6.79799e-10
    6.88468e-10
    5.45066e-10
    6.16679e-10
    6.09479e-10
    6.77648e-10
    8.05559e-10
    6.74255e-10
    7.01877e-10
    6.15327e-10
    6.02997e-10
    4.83879e-10
    4.25739e-10
    3.50349e-10
    3.15246e-10
    3.05856e-10
    4.37115e-10
    4.34059e-10
    5.62218e-10
    5.57722e-10
    4.84991e-10
     4.1798e-10
    3.70412e-10
    3.10773e-10
    2.79291e-10
     2.3358e-10
    2.20227e-10
    2.71592e-10
    2.82336e-10
     2.9003e-10
    2.84738e-10
    2.73911e-10
    2.75892e-10
    2.33605e-10
     2.2655e-10
    1.87047e-10
    6.07289e-09
    1.38488e-10
    1.38082e-10
    1.40184e-10
    1.74835e-10
    1.74844e-10
    2.15995e-10
    1.72366e-10
     1.7231e-10
    1.43394e-10
    1.34318e-10
    1.18904e-10
    1.06046e-10
    8.85048e-11
    1.10551e-10
    9.57427e-11
    1.22082e-10
    1.19031e-10
    1.26565e-10
    1.09685e-10
    1.03866e-10
      8.822e-11
    8.18982e-11
    6.83829e-11
     1.8827e-08
    1.28123e-08
    5.42334e-11
    4.07966e-09
    7.37637e-11
    1.28396e-08
    7.95209e-11
    8.74469e-09
    6.28868e-11
    2.78254e-09
    4.73454e-11
    3.95303e-11
    3.28934e-11
    2.77742e-11
    3.55757e-11
    3.40538e-11
    4.80063e-11
    4.75185e-11
    4.93618e-11
    4.30664e-11
     3.9548e-11
    3.30336e-11
    2.84331e-11
      2.296e-11
    1.90591e-11
    1.99497e-11
    2.24743e-11
    2.89174e-11
    2.96777e-11
    2.75933e-09
    2.98493e-11
    1.88085e-09
    2.24778e-11
    2.05847e-11
    1.84018e-11
     1.6019e-11
     1.3082e-11
    1.68621e-11
     1.4105e-11
    2.00225e-11
    1.88186e-11
     1.9339e-11
    1.68373e-11
    1.46561e-11
    1.19076e-11
    9.71333e-12
     7.7899e-12
    6.25732e-12
    5.00797e-12
    5.84503e-12
    6.72886e-12
    1.05912e-11
    1.08483e-11
    1.17046e-11
     9.7009e-12
    8.29801e-12
    6.67204e-12
    5.41135e-12
    4.33262e-12
    3.47541e-12
    2.78075e-12
    5.08165e-12
    4.85842e-12
    7.48318e-12
    6.78139e-12
    6.79843e-12
    5.58617e-12
    4.73977e-12
    3.80126e-12
    3.08032e-12
    2.46457e-12
    1.97678e-12
    1.58142e-12
    2.11446e-12
    3.21779e-12
    3.83006e-12
    3.61948e-12
    3.09848e-12
    2.56663e-12
    2.07866e-12
    1.67494e-12
    1.34306e-12
    1.07601e-12
    8.61192e-13
    2.00973e-12
    1.73384e-12
     2.7457e-12
    2.30454e-12
    2.23324e-12
     1.8039e-12
    1.50531e-12
    1.20594e-12
    9.72994e-13
    7.78576e-13
    6.23878e-13
    4.99124e-13
    7.91856e-13
    1.07236e-12
    1.40698e-12
    1.48894e-12
    1.43273e-12
    1.19718e-12
    9.98585e-13
    8.04272e-13
    6.49153e-13
    5.19919e-13
    4.16686e-13
    3.33421e-13
    8.77466e-13
    7.60248e-13
    8.21196e-13
    6.67263e-13
    5.69135e-13
    4.56305e-13
    3.69783e-13
     2.9593e-13
    2.37332e-13
    1.89878e-13
    1.51973e-13
     1.2158e-13
    9.72726e-14
    7.78183e-14
    6.22556e-14
    4.98045e-14
    3.98437e-14
     3.1875e-14
       2.55e-14
       2.04e-14
      1.632e-14
     1.3056e-14
    1.04448e-14
    8.35584e-15
    6.68467e-15
    5.34774e-15
    4.27819e-15
    3.42255e-15
    2.73804e-15
    2.19043e-15
    1.75235e-15
    1.40188e-15
     1.1215e-15
    8.97202e-16
    7.17761e-16
    5.74209e-16
    4.59367e-16
    3.67494e-16
    2.93995e-16
    2.35196e-16
    1.88157e-16
    1.50525e-16
     1.2042e-16
    9.63363e-17
     7.7069e-17
    6.16552e-17
    4.93242e-17
    3.94594e-17
    3.15675e-17
     2.5254e-17
    2.02032e-17
    1.61626e-17
      1.293e-17
     1.0344e-17
    8.27523e-18
    6.62018e-18
    5.29614e-18
    4.23692e-18
    3.38953e-18
    2.71163e-18
     2.1693e-18
    1.73544e-18
    1.38835e-18
    1.11068e-18
    8.88546e-19
    7.10836e-19
    5.68669e-19
    4.54935e-19
    3.63948e-19
    2.91159e-19
    2.32927e-19
    1.86342e-19
    1.49073e-19
    1.19259e-19
    9.54068e-20
    7.63255e-20
    6.10604e-20
    4.88483e-20
    3.90786e-20
    3.12629e-20
    2.50103e-20
    2.00083e-20
    1.60066e-20
    1.28053e-20
    1.02442e-20
    8.19539e-21
    6.55631e-21
    5.24505e-21
    4.19604e-21
    3.35683e-21
    2.68546e-21
    2.14837e-21
     1.7187e-21
    1.37496e-21
    1.09997e-21
    8.79973e-22
    7.03978e-22
    5.63183e-22
    4.50546e-22
    3.60437e-22
    2.88349e-22
     2.3068e-22
    1.84544e-22
    1.47635e-22
    1.18108e-22
    9.44864e-23
    7.55891e-23
    6.04713e-23
     4.8377e-23
    3.87016e-23
    3.09613e-23
     2.4769e-23
    1.98152e-23
    1.58522e-23
    1.26817e-23
    1.01454e-23
    8.11632e-24
    6.49305e-24
    5.19444e-24
    4.15555e-24
    3.32444e-24
    2.65955e-24
    2.12764e-24
    1.70211e-24
    1.36169e-24
    1.08935e-24
    8.71483e-25
    6.97186e-25
    5.57749e-25
    4.46199e-25
    3.56959e-25
    2.85567e-25
    2.28454e-25
    1.82763e-25
    1.46211e-25
    1.16968e-25
    9.35747e-26
    7.48598e-26
    5.98878e-26
    4.79103e-26
    3.83282e-26
    3.06626e-26
    2.45301e-26
     1.9624e-26
    1.56992e-26
    1.25594e-26
    1.00475e-26
    8.03801e-27
    6.43041e-27
    5.14433e-27
    4.11546e-27
    3.29237e-27
    2.63389e-27
    2.10712e-27
    1.68569e-27
    1.34855e-27
    1.07884e-27
    8.63075e-28
     6.9046e-28
    5.52368e-28
    4.41894e-28
    3.53515e-28
    2.82812e-28
     2.2625e-28
       1.81e-28
      1.448e-28
     1.1584e-28
    9.26719e-29
    7.41375e-29
      5.931e-29
     4.7448e-29
    3.79584e-29
    3.03667e-29
    2.42934e-29
    1.94347e-29
    1.55478e-29
    1.24382e-29
    9.95057e-30
    7.96046e-30
    6.36837e-30
    5.09469e-30
    4.07575e-30
     3.2606e-30
    2.60848e-30
    2.08679e-30
    1.66943e-30
    1.33554e-30
    1.06843e-30
    8.54748e-31
    6.83798e-31
    5.47038e-31
    4.37631e-31
    3.50105e-31
    2.80084e-31
    2.24067e-31
    1.79254e-31
    1.43403e-31
    1.14722e-31
    9.17778e-32
    7.34223e-32
    5.87378e-32
    4.69902e-32
    3.75922e-32
    3.00738e-32
     2.4059e-32
    1.92472e-32
    1.53978e-32
    1.23182e-32
    9.85457e-33
    7.88365e-33
    6.30692e-33
    5.04554e-33
    4.03643e-33
    3.22914e-33
    2.58332e-33
    2.06665e-33
    1.65332e-33
    1.32266e-33
    1.05813e-33
    8.46501e-34
    6.77201e-34
    5.41761e-34
    4.33408e-34
    3.46727e-34
    2.77381e-34
    2.21905e-34
    1.77524e-34
    1.42019e-34
    1.13615e-34
    9.08923e-35
    7.27139e-35
    5.81711e-35
    4.65369e-35
    3.72295e-35
    2.97836e-35
    2.38269e-35
    1.90615e-35
    1.52492e-35
    1.21994e-35
    9.75949e-36
    7.80759e-36
    6.24607e-36
    4.99686e-36
    3.99749e-36
    3.19799e-36
    2.55839e-36
    2.04671e-36
    1.63737e-36
     1.3099e-36
    1.04792e-36
    8.38334e-37
    6.70667e-37
    5.36534e-37
    4.29227e-37
    3.43382e-37
    2.74705e-37
    2.19764e-37
    1.75811e-37
    1.40649e-37
    1.12519e-37
    9.00154e-38
    7.20123e-38
    5.76099e-38
    4.60879e-38
    3.68703e-38
    2.94962e-38
     2.3597e-38
    1.88776e-38
    1.51021e-38
    1.20817e-38
    9.66533e-39
    7.73226e-39
    6.18581e-39
    4.94865e-39
    3.95892e-39
    3.16714e-39
    2.53371e-39
    2.02697e-39
    1.62157e-39
    1.29726e-39
    1.03781e-39
    8.30245e-40
    6.64196e-40
    5.31357e-40
    4.25086e-40
    3.40069e-40
    2.72055e-40
    2.17644e-40
    1.74115e-40
    1.39292e-40
    1.11434e-40
    8.91469e-41
    7.13175e-41
     5.7054e-41
    4.56432e-41
    3.65146e-41
    2.92117e-41
    2.33693e-41
    1.86955e-41
    1.49564e-41
    1.19651e-41
    9.57208e-42
    7.65766e-42
    6.12613e-42
     4.9009e-42
    3.92072e-42
    3.13658e-42
    2.50926e-42
    2.00741e-42
    1.60593e-42
    1.28474e-42
    1.02779e-42
    8.22235e-43
    6.57788e-43
    5.26231e-43
    4.20984e-43
    3.36788e-43
     2.6943e-43
    2.15544e-43
    1.72435e-43
    1.37948e-43
    1.10359e-43
    8.82868e-44
    7.06295e-44
    5.65036e-44
    4.52029e-44
    3.61623e-44
    2.89298e-44
    2.31439e-44
    1.85151e-44
    1.48121e-44
    1.18497e-44
    9.47973e-45
    7.58378e-45
    6.06702e-45
    4.85362e-45
     3.8829e-45
    3.10632e-45
    2.48505e-45
    1.98804e-45
    1.59043e-45
    1.27235e-45
    1.01788e-45
    8.14302e-46
    6.51442e-46
    5.21153e-46
    4.16923e-46
    3.33538e-46
    2.66831e-46
    2.13464e-46
    1.70772e-46
    1.36617e-46
    1.09294e-46
     8.7435e-47
     6.9948e-47
    5.59584e-47
    4.47667e-47
    3.58134e-47
    2.86507e-47
    2.29206e-47
    1.83365e-47
    1.46692e-47
    1.17353e-47
    9.38826e-48
    7.51061e-48
    6.00849e-48
    4.80679e-48
    3.84543e-48
    3.07635e-48
    2.46108e-48
    1.96886e-48
    1.57509e-48
    1.26007e-48
    1.00806e-48
    8.06446e-49
    6.45157e-49
    5.16125e-49
      4.129e-49
     3.3032e-49
    2.64256e-49
    2.11405e-49
    1.69124e-49
    1.35299e-49
    1.08239e-49
    8.65915e-50
    6.92732e-50
    5.54185e-50
    4.43348e-50
    3.54679e-50
    2.83743e-50
    2.26994e-50
    1.81595e-50
    1.45276e-50
    1.16221e-50
    9.29769e-51
    7.43815e-51
    5.95052e-51
    4.76042e-51
    3.80833e-51
    3.04667e-51
    2.43733e-51
    1.94987e-51
    1.55989e-51
    1.24791e-51
    9.98331e-52
    7.98665e-52
    6.38932e-52
    5.11146e-52
    4.08917e-52
    3.27133e-52
    2.61707e-52
    2.09365e-52
              0
