     0.00884542
      0.0355905
      0.0361446
      0.0291667
      0.0270916
      0.0229867
      0.0177472
      0.0145965
      0.0118594
      0.0102171
     0.00875515
      0.0119168
      0.0148127
      0.0160644
      0.0189719
      0.0158791
      0.0171158
      0.0147701
       0.013679
      0.0126685
      0.0116995
      0.0107738
      0.0106573
      0.0100474
       0.214989
       0.149298
      0.0116005
       0.198202
     0.00992051
       0.104092
       0.305059
     0.00841904
     0.00720191
       0.134987
     0.00712021
       0.113774
     0.00701014
     0.00647933
     0.00644964
     0.00584126
     0.00567813
      0.0686699
      0.0345441
      0.0773334
     0.00424258
      0.0333731
      0.0474331
      0.0676184
     0.00380943
      0.0905626
       0.033203
     0.00359098
      0.0672352
     0.00310459
       0.046645
     0.00273146
      0.0657365
      0.0318556
       0.042333
     0.00227219
      0.0358964
      0.0250531
     0.00201387
      0.0220127
      0.0219319
      0.0017474
      0.0310113
      0.0170853
     0.00128551
      0.0308702
      0.0150595
     0.00761551
     0.00127216
     0.00124983
       0.005471
      0.0104312
     0.00535977
     0.00099131
    0.000840992
    0.000768839
    0.000691096
    0.000691915
    0.000697917
    0.000674301
     0.00499228
     0.00493175
    0.000582439
    0.000559262
     0.00484084
     0.00477267
     0.00342584
     0.00677933
    0.000431822
     0.00473348
    0.000405079
      0.0076463
    0.000428033
    0.000392019
    0.000387389
     0.00034505
     0.00323472
    0.000302175
    0.000263578
     0.00360491
     0.00221561
     0.00116527
     0.00317171
    0.000224786
    0.000239818
      0.0002049
    0.000228815
     0.00353871
    0.000190918
    0.000804068
     0.00310206
    0.000151601
     0.00014869
    0.000139168
     0.00307315
    0.000560773
    0.000140355
     0.00442418
     0.00842905
     0.00639797
    0.000740987
     0.00144813
     0.00406074
     0.00162986
    8.79791e-05
      0.0007002
    8.82628e-05
    7.77063e-05
     0.00142328
     0.00590926
    6.45983e-05
     0.00298359
     0.00333009
    0.000255296
    5.27439e-05
    5.17374e-05
    0.000249351
    0.000968973
    0.000477378
    0.000675029
    4.65722e-05
    0.000131589
    0.000130447
    0.000594492
    0.000322121
    3.17921e-05
     0.00107732
    0.000456076
    2.87979e-05
    0.000456826
    0.000163058
     2.9292e-05
    0.000318649
    0.000944956
     2.3798e-05
    0.000938384
    0.000842444
    2.36562e-05
    8.25291e-05
    0.000108896
    1.88441e-05
    2.00372e-05
    0.000151288
    0.000215552
    0.000149727
    0.000490617
    0.000267609
    1.27736e-05
    0.000103113
    9.89338e-06
    7.09868e-05
    8.87998e-06
    0.000205024
     3.9396e-05
    0.000128925
     1.9215e-05
    9.38459e-06
     7.0713e-05
    8.74536e-06
    9.85044e-05
    6.93288e-06
    6.76214e-05
    5.61665e-06
    6.04058e-06
    5.79184e-06
    6.44508e-06
    1.89036e-05
    1.87763e-05
    5.46011e-06
    9.55202e-05
    4.41639e-06
    2.34267e-05
    3.43927e-06
    3.21105e-05
    2.65128e-05
    2.96977e-05
    3.08128e-06
    3.21674e-06
    8.83512e-06
    3.12212e-06
    2.67929e-06
    2.84427e-06
    4.43383e-05
    1.13144e-05
    1.51603e-05
    2.12764e-05
    1.80824e-06
    2.13141e-05
    1.75172e-06
    6.75497e-05
    3.92914e-05
    2.72831e-05
    1.77593e-05
     9.2346e-05
    1.70794e-06
    1.46726e-06
    1.29535e-06
    4.31893e-05
    2.97429e-05
    1.43193e-05
     1.1188e-06
    1.30013e-06
    5.25907e-06
    1.20815e-06
     2.3282e-06
    9.59255e-07
    9.96808e-07
    9.01131e-07
    2.14785e-06
    6.91682e-07
    3.59057e-06
    7.41457e-07
    7.99869e-07
    4.94695e-06
    7.11583e-07
    6.60132e-07
    6.66006e-06
    5.51551e-07
    5.85276e-07
    4.54438e-07
     5.1083e-07
    4.02374e-07
    4.48535e-07
     1.7374e-06
    4.27917e-07
     2.3742e-06
    6.51658e-06
    3.99568e-07
    9.52193e-07
    2.23732e-06
    3.28286e-07
    2.19591e-06
    2.59907e-07
    2.52628e-07
    2.46121e-07
    2.66173e-07
    2.57132e-07
    2.64307e-07
    2.61166e-07
    2.66116e-07
    2.43542e-07
    2.17193e-07
    2.11335e-07
    1.83407e-07
    1.49296e-06
    7.97747e-07
    1.52409e-07
    5.97778e-07
     3.0203e-07
    1.83867e-07
    1.17537e-06
    2.68472e-07
    1.01173e-06
    2.00324e-07
     1.0223e-07
    1.03704e-07
    3.79331e-07
    1.02442e-07
    9.80254e-08
    1.10156e-07
    3.94199e-07
    9.99604e-08
    1.00692e-07
     8.3889e-08
    1.36261e-07
    2.05157e-07
    6.68163e-08
     6.1204e-08
    5.35371e-08
    6.79894e-08
    6.44435e-08
    5.60217e-08
    7.11556e-08
    5.73776e-08
     6.0891e-08
    7.47267e-08
    4.28271e-08
    2.89097e-07
    3.80805e-08
    2.53354e-07
    3.07784e-08
    4.63046e-08
     4.2242e-08
    1.29712e-07
    1.49244e-07
    2.07094e-07
    3.68971e-08
    2.96171e-08
    2.70057e-08
    2.57219e-08
    2.21678e-08
    3.67827e-08
    2.67682e-08
    2.34787e-08
    8.74095e-08
    2.93693e-08
    3.14693e-08
    2.47115e-08
    2.44736e-08
    1.61311e-07
    8.95526e-08
    1.14318e-07
    1.53887e-08
    2.35846e-08
    1.60915e-08
    1.69241e-08
    6.20167e-07
    2.88069e-08
     1.6457e-08
    5.43691e-08
    1.75799e-08
    4.22605e-07
     1.0457e-08
    3.88031e-08
    2.81844e-08
    3.62883e-08
    1.09344e-08
    9.89675e-09
    9.88797e-08
    9.82281e-09
    5.18927e-08
    8.53482e-09
    9.38035e-09
    7.37809e-09
    6.69884e-09
    5.78722e-09
    5.02152e-09
     7.6272e-09
    6.35369e-09
    2.59248e-08
    6.56374e-09
    2.45619e-08
    5.81445e-09
    4.88753e-09
    4.28274e-07
    4.14928e-09
     3.9082e-09
    3.22919e-09
    3.06261e-09
    6.07096e-09
    7.62704e-09
    4.21446e-09
    6.17121e-09
    2.20826e-08
    5.01919e-09
    6.26799e-08
    6.27929e-08
    2.73627e-09
    2.40121e-09
    2.02565e-09
     3.7343e-09
     2.2591e-09
    2.59731e-09
    2.52852e-09
    2.63554e-09
    2.35393e-09
    6.60861e-08
    2.02381e-09
    2.07729e-09
    1.63384e-09
    1.54354e-09
    1.25206e-09
    1.29641e-09
    1.65584e-09
    1.38775e-09
    1.66681e-09
    1.54375e-09
    1.46633e-09
    1.49359e-09
     1.1581e-09
    1.15126e-09
    9.39462e-10
    8.47519e-10
     7.4396e-10
    1.97285e-09
    9.82857e-10
    1.39254e-09
    1.05489e-09
    1.15621e-09
    8.95509e-10
       8.66e-10
    7.77028e-10
    2.45958e-09
     5.8591e-10
    4.96027e-10
    4.47287e-10
    7.08875e-10
      4.631e-10
    7.79644e-10
    5.73969e-10
    5.64578e-10
    4.52836e-10
     5.3077e-10
     4.6794e-10
    3.68278e-10
    3.04091e-09
    2.65711e-10
     2.4271e-10
    3.80684e-10
     4.1838e-10
    4.25782e-10
    4.56094e-10
     3.8543e-10
    3.65738e-10
    3.05763e-10
    2.84053e-10
    4.23499e-09
    1.99601e-10
    6.03964e-09
    1.57786e-10
    7.03526e-09
    2.26637e-10
    3.05645e-10
    2.40778e-10
      2.356e-10
     2.4677e-10
    1.91044e-10
    1.45196e-09
    1.40937e-09
    1.32167e-10
    1.08377e-10
    9.92075e-11
    1.61129e-10
    2.24999e-10
    1.65034e-10
    1.83975e-10
    4.16757e-09
     1.4176e-09
     1.1562e-10
    1.14191e-10
     1.8857e-08
    7.93862e-11
    6.67409e-11
    1.25896e-10
    8.68137e-11
    1.36173e-10
    9.91232e-11
    1.18331e-10
    8.46122e-11
    2.82888e-09
    7.09113e-11
    7.91351e-11
    5.96323e-11
    4.97157e-11
    4.05991e-11
    7.07333e-11
    1.31702e-09
    1.00524e-10
    8.78345e-11
    7.53068e-11
    5.48104e-11
    6.02543e-11
    4.35529e-11
    4.49349e-11
    3.33527e-11
    2.75693e-09
     2.7639e-09
    5.40562e-11
     1.8989e-09
    5.85898e-11
    4.52632e-11
    4.30347e-11
    3.21735e-11
    3.88218e-11
    2.72615e-11
    2.60003e-11
     1.8934e-11
    1.52886e-11
    1.27991e-11
    2.51613e-11
    2.98061e-11
    3.80242e-11
     3.5326e-11
    2.89077e-11
     2.2208e-11
    2.08497e-11
     1.5771e-11
    1.34844e-11
    1.05588e-11
    8.80454e-12
    2.51825e-11
    1.37846e-11
     2.5952e-11
    1.76273e-11
    1.75672e-11
    1.58279e-11
    1.30411e-11
    1.19668e-11
     1.3691e-11
    9.35686e-12
    7.81463e-12
    6.05453e-12
    1.18379e-11
    8.10143e-12
    1.61437e-11
    1.18229e-11
    1.25727e-11
    8.67696e-12
    7.10044e-12
    5.51864e-12
     4.4278e-12
    3.52359e-12
    2.82004e-12
    2.25385e-12
    8.14772e-12
    4.35803e-12
    1.04845e-11
    6.89422e-12
    6.40624e-12
    4.75475e-12
    3.87363e-12
    3.05302e-12
    2.44957e-12
     1.9543e-12
    1.56423e-12
    1.25076e-12
    4.22078e-12
    3.97317e-12
    5.55391e-12
    4.09194e-12
    3.72573e-12
    2.71091e-12
    2.21026e-12
    1.73675e-12
    1.39386e-12
    1.11142e-12
    8.89642e-13
    7.11283e-13
    3.50279e-12
    3.79837e-12
     2.4828e-12
     1.9618e-12
    1.50388e-12
    1.19612e-12
    9.49006e-13
    7.58137e-13
    6.05565e-13
    4.84309e-13
    3.87334e-13
    1.79882e-12
    1.15096e-12
    1.98504e-12
    1.34697e-12
    1.11836e-12
    8.58144e-13
    6.91033e-13
    5.48143e-13
    4.39098e-13
    3.50703e-13
    2.80637e-13
     2.2444e-13
    1.53611e-12
    7.67065e-13
    1.59309e-12
     9.1039e-13
    7.70774e-13
    5.76837e-13
    4.64255e-13
    3.66823e-13
    2.93655e-13
    2.34388e-13
    1.87525e-13
    1.49957e-13
    8.08465e-13
    5.13557e-13
    4.34788e-13
    3.26943e-13
    2.64134e-13
    2.08611e-13
    1.67223e-13
    1.33447e-13
      1.068e-13
    8.53998e-14
    6.83251e-14
    5.46553e-14
    4.37249e-14
    3.49793e-14
    2.79835e-14
    2.23868e-14
    1.79094e-14
    1.43275e-14
     1.1462e-14
    9.16962e-15
    7.33569e-15
    5.86856e-15
    4.69484e-15
    3.75588e-15
     3.0047e-15
    2.40376e-15
    1.92301e-15
    1.53841e-15
    1.23073e-15
     9.8458e-16
    7.87664e-16
    6.30131e-16
    5.04105e-16
    4.03284e-16
    3.22627e-16
    2.58102e-16
    2.06481e-16
    1.65185e-16
    1.32148e-16
    1.05718e-16
    8.45748e-17
    6.76598e-17
    5.41279e-17
    4.33023e-17
    3.46418e-17
    2.77135e-17
    2.21708e-17
    1.77366e-17
    1.41893e-17
    1.13514e-17
    9.08115e-18
    7.26492e-18
    5.81193e-18
    4.64955e-18
    3.71964e-18
    2.97571e-18
    2.38057e-18
    1.90445e-18
    1.52356e-18
    1.21885e-18
    9.75081e-19
    7.80065e-19
    6.24052e-19
    4.99241e-19
    3.99393e-19
    3.19514e-19
    2.55612e-19
    2.04489e-19
    1.63591e-19
    1.30873e-19
    1.04699e-19
    8.37588e-20
     6.7007e-20
    5.36056e-20
    4.28845e-20
    3.43076e-20
    2.74461e-20
    2.19569e-20
    1.75655e-20
    1.40524e-20
    1.12419e-20
    8.99353e-21
    7.19483e-21
    5.75586e-21
    4.60469e-21
    3.68375e-21
      2.947e-21
     2.3576e-21
    1.88608e-21
    1.50886e-21
    1.20709e-21
    9.65673e-22
    7.72539e-22
    6.18031e-22
    4.94425e-22
     3.9554e-22
    3.16432e-22
    2.53145e-22
    2.02516e-22
    1.62013e-22
     1.2961e-22
    1.03688e-22
    8.29507e-23
    6.63606e-23
    5.30884e-23
    4.24708e-23
    3.39766e-23
    2.71813e-23
     2.1745e-23
     1.7396e-23
    1.39168e-23
    1.11335e-23
    8.90676e-24
    7.12541e-24
    5.70033e-24
    4.56026e-24
    3.64821e-24
    2.91857e-24
    2.33485e-24
    1.86788e-24
    1.49431e-24
    1.19545e-24
    9.56356e-25
    7.65085e-25
    6.12068e-25
    4.89654e-25
    3.91724e-25
    3.13379e-25
    2.50703e-25
    2.00562e-25
     1.6045e-25
     1.2836e-25
    1.02688e-25
    8.21504e-26
    6.57203e-26
    5.25762e-26
     4.2061e-26
    3.36488e-26
     2.6919e-26
    2.15352e-26
    1.72282e-26
    1.37825e-26
     1.1026e-26
    8.82083e-27
    7.05666e-27
    5.64533e-27
    4.51626e-27
    3.61301e-27
    2.89041e-27
    2.31233e-27
    1.84986e-27
    1.47989e-27
    1.18391e-27
    9.47129e-28
    7.57703e-28
    6.06163e-28
     4.8493e-28
    3.87944e-28
    3.10355e-28
    2.48284e-28
    1.98627e-28
    1.58902e-28
    1.27122e-28
    1.01697e-28
    8.13578e-29
    6.50862e-29
     5.2069e-29
    4.16552e-29
    3.33241e-29
    2.66593e-29
    2.13275e-29
     1.7062e-29
    1.36496e-29
    1.09197e-29
    8.73573e-30
    6.98858e-30
    5.59086e-30
    4.47269e-30
    3.57815e-30
    2.86252e-30
    2.29002e-30
    1.83201e-30
    1.46561e-30
    1.17249e-30
    9.37991e-31
    7.50393e-31
    6.00314e-31
    4.80252e-31
    3.84201e-31
    3.07361e-31
    2.45889e-31
    1.96711e-31
    1.57369e-31
    1.25895e-31
    1.00716e-31
    8.05728e-32
    6.44583e-32
    5.15666e-32
    4.12533e-32
    3.30026e-32
    2.64021e-32
    2.11217e-32
    1.68973e-32
    1.35179e-32
    1.08143e-32
    8.65144e-33
    6.92115e-33
    5.53692e-33
    4.42954e-33
    3.54363e-33
     2.8349e-33
    2.26792e-33
    1.81434e-33
    1.45147e-33
    1.16118e-33
    9.28941e-34
    7.43153e-34
    5.94523e-34
    4.75618e-34
    3.80494e-34
    3.04396e-34
    2.43516e-34
    1.94813e-34
    1.55851e-34
     1.2468e-34
    9.97443e-35
    7.97955e-35
    6.38364e-35
    5.10691e-35
    4.08553e-35
    3.26842e-35
    2.61474e-35
    2.09179e-35
    1.67343e-35
    1.33875e-35
      1.071e-35
    8.56797e-36
    6.85438e-36
     5.4835e-36
     4.3868e-36
    3.50944e-36
    2.80755e-36
    2.24604e-36
    1.79683e-36
    1.43747e-36
    1.14997e-36
    9.19979e-37
    7.35983e-37
    5.88787e-37
    4.71029e-37
    3.76823e-37
    3.01459e-37
    2.41167e-37
    1.92934e-37
    1.54347e-37
    1.23477e-37
     9.8782e-38
    7.90256e-38
    6.32205e-38
    5.05764e-38
    4.04611e-38
    3.23689e-38
    2.58951e-38
    2.07161e-38
    1.65729e-38
    1.32583e-38
    1.06066e-38
    8.48531e-39
    6.78825e-39
     5.4306e-39
    4.34448e-39
    3.47558e-39
    2.78047e-39
    2.22437e-39
     1.7795e-39
     1.4236e-39
    1.13888e-39
    9.11103e-40
    7.28882e-40
    5.83106e-40
    4.66485e-40
    3.73188e-40
     2.9855e-40
     2.3884e-40
    1.91072e-40
    1.52858e-40
    1.22286e-40
    9.78289e-41
    7.82631e-41
    6.26105e-41
    5.00884e-41
    4.00707e-41
    3.20566e-41
    2.56453e-41
    2.05162e-41
     1.6413e-41
    1.31304e-41
    1.05043e-41
    8.40344e-42
    6.72275e-42
     5.3782e-42
    4.30256e-42
    3.44205e-42
    2.75364e-42
    2.20291e-42
    1.76233e-42
    1.40986e-42
    1.12789e-42
    9.02313e-43
     7.2185e-43
     5.7748e-43
    4.61984e-43
    3.69587e-43
     2.9567e-43
    2.36536e-43
    1.89229e-43
    1.51383e-43
    1.21106e-43
    9.68851e-44
    7.75081e-44
    6.20064e-44
    4.96052e-44
    3.96841e-44
    3.17473e-44
    2.53978e-44
    2.03183e-44
    1.62546e-44
    1.30037e-44
     1.0403e-44
    8.32236e-45
    6.65789e-45
    5.32631e-45
    4.26105e-45
    3.40884e-45
    2.72707e-45
    2.18166e-45
    1.74533e-45
    1.39626e-45
    1.11701e-45
    8.93607e-46
    7.14886e-46
    5.71908e-46
    4.57527e-46
    3.66021e-46
    2.92817e-46
    2.34254e-46
    1.87403e-46
    1.49922e-46
    1.19938e-46
    9.59503e-47
    7.67603e-47
    6.14082e-47
    4.91266e-47
    3.93012e-47
     3.1441e-47
    2.51528e-47
    2.01222e-47
    1.60978e-47
    1.28782e-47
    1.03026e-47
    8.24207e-48
    6.59366e-48
    5.27492e-48
    4.21994e-48
    3.37595e-48
    2.70076e-48
    2.16061e-48
    1.72849e-48
    1.38279e-48
    1.10623e-48
    8.84985e-49
    7.07988e-49
    5.66391e-49
    4.53113e-49
     3.6249e-49
    2.89992e-49
    2.31994e-49
    1.85595e-49
    1.48476e-49
    1.18781e-49
    9.50246e-50
    7.60197e-50
    6.08157e-50
    4.86526e-50
    3.89221e-50
    3.11377e-50
    2.49101e-50
    1.99281e-50
    1.59425e-50
     1.2754e-50
    1.02032e-50
    8.16255e-51
    6.53004e-51
    5.22403e-51
    4.17922e-51
    3.34338e-51
     2.6747e-51
    2.13976e-51
    1.71181e-51
    1.36945e-51
    1.09556e-51
    8.76447e-52
    7.01158e-52
    5.60926e-52
    4.48741e-52
    3.58993e-52
    2.87194e-52
    2.29755e-52
    1.83804e-52
    1.47043e-52
    1.17635e-52
    9.41078e-53
              0
