     0.00854826
      0.0346486
      0.0362146
      0.0301954
      0.0294065
       0.023496
      0.0192613
      0.0157409
      0.0129169
      0.0106064
      0.0092977
      0.0124304
      0.0174228
      0.0196389
      0.0200663
      0.0180893
      0.0189017
      0.0163407
      0.0154928
      0.0141086
      0.0122776
       0.011795
      0.0117104
      0.0108339
       0.170488
       0.288764
       0.310345
       0.213022
       0.011344
      0.0106288
     0.00997595
     0.00917714
     0.00820312
     0.00715437
     0.00739052
      0.0067101
       0.102108
       0.101021
      0.0799774
      0.0497037
      0.0060493
      0.0349052
     0.00539121
      0.0048621
      0.0483215
      0.0678925
     0.00471366
      0.0337087
      0.0040756
     0.00379772
      0.0538912
      0.0468511
       0.060662
      0.0762791
      0.0738689
      0.0229364
     0.00259526
     0.00240817
      0.0519441
     0.00242636
     0.00232086
      0.0162133
     0.00225066
     0.00204953
      0.0157374
      0.0111928
      0.0451418
      0.0108169
      0.0351669
     0.00152875
      0.0107888
     0.00140199
     0.00150474
     0.00144135
     0.00761483
      0.0105033
      0.0197193
      0.0283909
       0.010218
      0.0164545
      0.0113642
    0.000747149
    0.000751479
    0.000799486
    0.000725485
    0.000714462
    0.000620407
    0.000606517
       0.011203
     0.00773193
     0.00347413
    0.000483266
    0.000473414
    0.000461106
      0.0105983
     0.00180676
    0.000455784
     0.00039862
    0.000429007
     0.00467615
     0.00168873
    0.000335462
     0.00749693
     0.00229618
     0.00558138
     0.00544823
    0.000278471
    0.000255437
     0.00454714
     0.00023599
    0.000241153
      0.0020704
     0.00156416
    0.000203495
     0.00020593
    0.000595363
     0.00107828
    0.000152995
     0.00378289
    0.000138563
     0.00214893
    0.000135565
      0.0010601
     0.00347324
     0.00210964
     0.00575429
    0.000536314
     0.00129832
     0.00114675
    0.000995394
     0.00301509
    0.000708958
    0.000796871
    7.82462e-05
    7.05095e-05
      0.0014209
    6.66582e-05
    0.000690157
    5.59982e-05
    0.000253777
    0.000435899
    5.30219e-05
     5.6815e-05
    0.000479074
    4.72813e-05
    4.55071e-05
    0.000133851
       3.91e-05
    3.73396e-05
    0.000229533
    0.000849923
    0.000454276
    0.000455805
    3.03764e-05
    3.11351e-05
    0.000454933
     0.00103446
    2.72191e-05
    2.57439e-05
    0.000374553
    6.38583e-05
    0.000487536
    3.94329e-05
    0.000762818
    1.81087e-05
    8.23772e-05
    0.000109002
    0.000443948
    0.000107102
    0.000106013
    0.000438536
      1.332e-05
    0.000330165
    1.06257e-05
    9.75969e-06
    8.76869e-06
    8.78902e-06
    7.23473e-05
    7.17253e-05
    0.000248471
    9.88286e-06
    0.000185035
    8.78068e-06
    7.98039e-06
    3.60224e-05
    0.000110064
    4.80345e-05
    6.15571e-05
    6.75278e-05
    3.57469e-05
    5.94967e-06
    4.81682e-05
    3.41781e-05
    6.70718e-05
    4.68052e-05
    1.78775e-05
    3.67881e-06
    3.96628e-06
    3.29382e-06
    3.33948e-06
    9.80827e-05
    7.47244e-06
    1.61216e-05
    2.86204e-05
    3.06289e-06
     3.0716e-06
    2.18721e-05
    1.74716e-05
    3.07313e-05
    9.28148e-05
    2.08992e-06
    6.35969e-05
    2.12421e-06
    3.06403e-05
    1.92949e-06
    7.69731e-05
    1.70876e-06
    5.88401e-06
    4.38285e-05
     1.0607e-05
    1.37122e-06
    6.55908e-05
    1.19653e-06
    6.27039e-05
    7.25379e-06
    1.46227e-05
    1.20788e-06
    2.43292e-05
      3.974e-06
    2.37932e-05
    7.24479e-06
    1.02027e-06
    9.04572e-07
    2.68994e-06
    5.58344e-06
      8.787e-06
    1.26033e-05
    8.85758e-07
    7.30997e-07
    1.43127e-05
     6.4504e-07
    6.73772e-06
    9.58442e-06
    1.81587e-06
    5.16945e-07
    2.96853e-06
    3.33822e-06
    4.26467e-07
    4.96499e-07
    8.80507e-07
    2.14687e-06
    3.95699e-07
    5.38815e-06
    2.89502e-06
    9.65865e-07
    3.10589e-07
    1.07818e-06
    4.65679e-07
    2.39061e-07
    2.86658e-07
    4.42664e-07
     4.9616e-07
    2.69888e-07
    3.72378e-07
    6.36225e-06
    2.31974e-07
    2.25424e-07
    1.95095e-07
    3.32471e-07
    1.82734e-07
    1.89744e-07
     3.1324e-07
    3.91861e-07
    4.54807e-07
    1.73174e-07
    1.50211e-07
    1.38932e-07
     4.0776e-07
    9.92503e-07
    1.08322e-07
    1.05101e-07
    1.09471e-07
    2.25581e-07
    2.00546e-07
    2.12588e-07
    1.42882e-07
    2.39935e-07
    8.96196e-08
    1.40523e-07
    1.66309e-07
    6.79358e-08
    3.44553e-07
     6.6115e-07
    1.90169e-07
    7.18874e-08
     2.5566e-07
    3.57008e-07
    6.08216e-08
    6.30113e-08
    1.39512e-07
    4.73563e-08
    3.23538e-07
    1.19804e-07
    4.01381e-08
     1.2106e-07
    4.40659e-08
    8.66029e-08
    4.28582e-08
    3.10121e-07
    4.15796e-08
    4.10557e-08
    3.25228e-08
    7.31059e-08
    2.79017e-08
    2.33847e-08
    2.64438e-08
    4.43849e-08
    3.18343e-08
    2.75499e-08
    1.17883e-07
    3.04031e-08
    3.59543e-08
    6.66052e-08
    6.20333e-08
    6.10586e-08
    4.46839e-08
    2.42122e-08
    1.73854e-08
    1.90043e-08
    1.60839e-08
    1.80123e-08
    1.67341e-08
    9.79771e-08
    1.53512e-08
    1.57432e-08
    1.32214e-08
    1.13006e-08
    1.53686e-08
    2.00238e-07
    9.63523e-09
    1.05301e-08
    1.31003e-08
    1.14022e-08
    1.24795e-08
    1.09772e-08
    9.80177e-09
    9.83563e-09
    8.22806e-09
    8.02751e-09
    6.65964e-09
    8.71348e-09
    6.34638e-09
    1.27479e-08
    7.07665e-09
    4.17259e-07
    6.29597e-09
    6.85619e-09
    3.31366e-08
    5.90154e-09
    4.52061e-09
    9.19364e-08
    7.51394e-09
    5.89609e-09
    4.48723e-09
    4.96953e-09
    4.18235e-09
    4.51511e-08
    5.08722e-09
    3.94096e-09
    3.41372e-09
    7.68656e-09
    2.92218e-09
    9.04042e-08
    2.28129e-09
    4.84581e-09
    2.54872e-09
     2.3816e-09
    6.24743e-08
    2.46502e-09
    2.49781e-09
    2.88124e-09
    2.14888e-09
    2.28596e-09
    1.78272e-09
    1.61902e-09
    1.39054e-09
    1.39667e-09
    7.32476e-09
     1.9891e-09
    1.61365e-09
    2.07594e-09
    1.68324e-09
    1.49766e-09
    1.32788e-09
    1.13071e-09
    1.01317e-09
    9.27187e-10
     1.9593e-08
    8.64539e-10
     1.1712e-09
    1.23362e-09
    1.38686e-08
    1.08299e-09
    8.89197e-10
    1.03426e-09
    2.13236e-09
    6.68237e-10
    1.93627e-08
    5.30694e-10
    3.18454e-09
    5.86483e-10
    4.83837e-10
     8.7463e-10
    1.74991e-08
    6.42032e-10
    5.34973e-10
     2.3805e-09
    4.80851e-10
    3.94712e-10
     3.4545e-10
    2.93332e-10
    2.77491e-10
    4.32079e-10
    3.74225e-10
    4.66212e-10
    2.80161e-08
     3.9156e-10
     4.0894e-10
    3.27723e-10
    1.91053e-08
    2.42657e-10
    2.18996e-10
    1.44328e-09
    1.72141e-10
    2.24577e-10
    2.91966e-10
    2.63237e-10
    3.01402e-10
    2.55707e-10
    2.51811e-10
    2.07689e-10
    1.99406e-10
    1.59898e-10
    1.41443e-10
    1.18192e-10
    1.12037e-10
    1.89691e-10
    2.11316e-10
    1.74928e-10
    1.76055e-10
    1.61027e-10
    1.66163e-10
    1.22594e-10
    1.24655e-10
    9.57589e-11
    8.72187e-11
    7.22158e-11
    9.89705e-11
    8.72445e-11
    1.34073e-10
    1.00244e-10
     1.3406e-10
    8.94423e-11
    9.90491e-11
    2.80394e-09
    7.85986e-11
    6.32657e-11
    5.44085e-11
    4.39346e-11
    7.93033e-11
    5.79211e-11
    9.30032e-11
    8.05662e-11
    1.88436e-08
    1.28212e-08
    6.18325e-11
    4.59683e-11
    4.75703e-11
    3.55399e-11
    3.06512e-11
    2.88086e-11
    4.06588e-11
    4.75457e-11
    4.91452e-11
    4.94304e-11
     4.3187e-11
    3.45089e-11
    1.29798e-09
    2.89459e-11
    2.53044e-11
    1.27822e-08
      1.647e-11
    1.37841e-11
    2.80594e-11
    2.49131e-11
    3.75636e-11
    3.23484e-11
    2.94566e-11
    2.34686e-11
    2.25735e-11
    1.68512e-11
      1.487e-11
    1.14125e-11
    9.63104e-12
    1.63137e-11
    1.39102e-11
    2.26761e-11
    1.77669e-11
    1.88617e-11
    1.60507e-11
    1.32825e-11
    1.16219e-11
    1.25898e-11
    1.00919e-11
    2.73701e-09
    6.57377e-12
     1.8687e-09
    8.35419e-12
    1.57513e-11
    1.20381e-11
    1.19153e-11
    9.17965e-12
    7.57638e-12
     5.9765e-12
    4.81195e-12
    3.83814e-12
     3.0744e-12
     2.4581e-12
    5.38651e-12
    4.43669e-12
    8.66633e-12
    7.13495e-12
     6.5447e-12
    5.08949e-12
    4.17719e-12
    3.31671e-12
    2.66699e-12
    2.13025e-12
     1.7059e-12
     1.3643e-12
    4.74362e-12
    3.61673e-12
    5.96414e-12
     4.2505e-12
    3.92199e-12
    2.91573e-12
    2.39657e-12
    1.88914e-12
    1.51899e-12
    1.21182e-12
    9.70368e-13
    7.75896e-13
    2.20203e-12
    2.89582e-12
    2.46718e-12
    2.01396e-12
    1.60496e-12
    1.29014e-12
     1.0306e-12
    8.25328e-13
    6.60046e-13
    5.28147e-13
    4.22491e-13
    2.02668e-12
    1.15315e-12
      2.216e-12
    1.38844e-12
    1.22479e-12
    9.27384e-13
    7.53945e-13
    5.97148e-13
    4.78998e-13
    3.82519e-13
    3.06155e-13
    2.44846e-13
    9.27041e-13
    7.68917e-13
    1.16335e-12
    9.33136e-13
    7.89294e-13
    6.17844e-13
    5.00864e-13
    3.98544e-13
    3.19719e-13
    2.55493e-13
    2.04506e-13
     1.6357e-13
    9.11712e-13
    5.12874e-13
    4.77431e-13
    3.51432e-13
    2.88229e-13
    2.27079e-13
    1.82413e-13
    1.45535e-13
     1.1651e-13
    9.31626e-14
    7.45392e-14
    5.96261e-14
     4.7702e-14
    3.81609e-14
    3.05289e-14
     2.4423e-14
    1.95384e-14
    1.56307e-14
    1.25046e-14
    1.00037e-14
    8.00294e-15
    6.40235e-15
    5.12188e-15
    4.09751e-15
      3.278e-15
     2.6224e-15
    2.09792e-15
    1.67834e-15
    1.34267e-15
    1.07414e-15
    8.59309e-16
    6.87447e-16
    5.49958e-16
    4.39966e-16
    3.51973e-16
    2.81578e-16
    2.25263e-16
     1.8021e-16
    1.44168e-16
    1.15335e-16
    9.22676e-17
    7.38141e-17
    5.90513e-17
     4.7241e-17
    3.77928e-17
    3.02343e-17
    2.41874e-17
    1.93499e-17
    1.54799e-17
    1.23839e-17
    9.90716e-18
    7.92573e-18
    6.34058e-18
    5.07247e-18
    4.05797e-18
    3.24638e-18
     2.5971e-18
    2.07768e-18
    1.66215e-18
    1.32972e-18
    1.06377e-18
    8.51018e-19
    6.80815e-19
    5.44652e-19
    4.35721e-19
    3.48577e-19
    2.78862e-19
    2.23089e-19
    1.78472e-19
    1.42777e-19
    1.14222e-19
    9.13774e-20
    7.31019e-20
    5.84815e-20
    4.67852e-20
    3.74282e-20
    2.99425e-20
     2.3954e-20
    1.91632e-20
    1.53306e-20
    1.22645e-20
    9.81157e-21
    7.84926e-21
    6.27941e-21
    5.02353e-21
    4.01882e-21
    3.21506e-21
    2.57205e-21
    2.05764e-21
    1.64611e-21
    1.31689e-21
    1.05351e-21
    8.42808e-22
    6.74246e-22
    5.39397e-22
    4.31518e-22
    3.45214e-22
    2.76171e-22
    2.20937e-22
     1.7675e-22
      1.414e-22
     1.1312e-22
    9.04958e-23
    7.23966e-23
    5.79173e-23
    4.63338e-23
    3.70671e-23
    2.96537e-23
    2.37229e-23
    1.89783e-23
    1.51827e-23
    1.21461e-23
    9.71691e-24
    7.77353e-24
    6.21882e-24
    4.97506e-24
    3.98005e-24
    3.18404e-24
    2.54723e-24
    2.03778e-24
    1.63023e-24
    1.30418e-24
    1.04335e-24
    8.34676e-25
    6.67741e-25
    5.34193e-25
    4.27354e-25
    3.41883e-25
    2.73507e-25
    2.18805e-25
    1.75044e-25
    1.40035e-25
    1.12028e-25
    8.96227e-26
    7.16981e-26
    5.73585e-26
    4.58868e-26
    3.67094e-26
    2.93676e-26
     2.3494e-26
    1.87952e-26
    1.50362e-26
     1.2029e-26
    9.62316e-27
    7.69853e-27
    6.15882e-27
    4.92706e-27
    3.94165e-27
    3.15332e-27
    2.52265e-27
    2.01812e-27
     1.6145e-27
     1.2916e-27
    1.03328e-27
    8.26623e-28
    6.61299e-28
    5.29039e-28
    4.23231e-28
    3.38585e-28
    2.70868e-28
    2.16694e-28
    1.73355e-28
    1.38684e-28
    1.10947e-28
     8.8758e-29
    7.10064e-29
    5.68051e-29
    4.54441e-29
    3.63553e-29
    2.90842e-29
    2.32674e-29
    1.86139e-29
    1.48911e-29
    1.19129e-29
    9.53032e-30
    7.62425e-30
     6.0994e-30
    4.87952e-30
    3.90362e-30
    3.12289e-30
    2.49832e-30
    1.99865e-30
    1.59892e-30
    1.27914e-30
    1.02331e-30
    8.18648e-31
    6.54918e-31
    5.23935e-31
    4.19148e-31
    3.35318e-31
    2.68255e-31
    2.14604e-31
    1.71683e-31
    1.37346e-31
    1.09877e-31
    8.79016e-32
    7.03213e-32
    5.62571e-32
    4.50056e-32
    3.60045e-32
    2.88036e-32
    2.30429e-32
    1.84343e-32
    1.47474e-32
     1.1798e-32
    9.43837e-33
    7.55069e-33
    6.04056e-33
    4.83244e-33
    3.86596e-33
    3.09276e-33
    2.47421e-33
    1.97937e-33
     1.5835e-33
     1.2668e-33
    1.01344e-33
     8.1075e-34
      6.486e-34
     5.1888e-34
    4.15104e-34
    3.32083e-34
    2.65666e-34
    2.12533e-34
    1.70026e-34
    1.36021e-34
    1.08817e-34
    8.70536e-35
    6.96429e-35
    5.57143e-35
    4.45714e-35
    3.56571e-35
    2.85257e-35
    2.28206e-35
    1.82565e-35
    1.46052e-35
    1.16841e-35
    9.34731e-36
    7.47784e-36
    5.98228e-36
    4.78582e-36
    3.82866e-36
    3.06292e-36
    2.45034e-36
    1.96027e-36
    1.56822e-36
    1.25457e-36
    1.00366e-36
    8.02927e-37
    6.42342e-37
    5.13874e-37
    4.11099e-37
    3.28879e-37
    2.63103e-37
    2.10483e-37
    1.68386e-37
    1.34709e-37
    1.07767e-37
    8.62137e-38
    6.89709e-38
    5.51767e-38
    4.41414e-38
    3.53131e-38
    2.82505e-38
    2.26004e-38
    1.80803e-38
    1.44643e-38
    1.15714e-38
    9.25712e-39
     7.4057e-39
    5.92456e-39
    4.73965e-39
    3.79172e-39
    3.03337e-39
     2.4267e-39
    1.94136e-39
    1.55309e-39
    1.24247e-39
    9.93976e-40
    7.95181e-40
    6.36145e-40
    5.08916e-40
    4.07132e-40
    3.25706e-40
    2.60565e-40
    2.08452e-40
    1.66761e-40
    1.33409e-40
    1.06727e-40
    8.53819e-41
    6.83055e-41
    5.46444e-41
    4.37155e-41
    3.49724e-41
    2.79779e-41
    2.23823e-41
    1.79059e-41
    1.43247e-41
    1.14598e-41
    9.16781e-42
    7.33425e-42
     5.8674e-42
    4.69392e-42
    3.75513e-42
    3.00411e-42
    2.40329e-42
    1.92263e-42
     1.5381e-42
    1.23048e-42
    9.84386e-43
    7.87509e-43
    6.30007e-43
    5.04006e-43
    4.03204e-43
    3.22564e-43
    2.58051e-43
    2.06441e-43
    1.65153e-43
    1.32122e-43
    1.05698e-43
    8.45581e-44
    6.76465e-44
    5.41172e-44
    4.32937e-44
     3.4635e-44
     2.7708e-44
    2.21664e-44
    1.77331e-44
    1.41865e-44
    1.13492e-44
    9.07936e-45
    7.26349e-45
    5.81079e-45
    4.64863e-45
     3.7189e-45
    2.97512e-45
     2.3801e-45
    1.90408e-45
    1.52326e-45
    1.21861e-45
    9.74888e-46
    7.79911e-46
    6.23929e-46
    4.99143e-46
    3.99314e-46
    3.19451e-46
    2.55561e-46
    2.04449e-46
    1.63559e-46
    1.30847e-46
    1.04678e-46
    8.37423e-47
    6.69938e-47
    5.35951e-47
     4.2876e-47
    3.43008e-47
    2.74407e-47
    2.19525e-47
     1.7562e-47
    1.40496e-47
    1.12397e-47
    8.99176e-48
    7.19341e-48
    5.75473e-48
    4.60378e-48
    3.68302e-48
    2.94642e-48
    2.35714e-48
    1.88571e-48
    1.50857e-48
    1.20685e-48
    9.65483e-49
    7.72386e-49
    6.17909e-49
    4.94327e-49
    3.95462e-49
    3.16369e-49
    2.53095e-49
    2.02476e-49
    1.61981e-49
    1.29585e-49
    1.03668e-49
    8.29343e-50
    6.63475e-50
     5.3078e-50
    4.24624e-50
    3.39699e-50
    2.71759e-50
    2.17407e-50
    1.73926e-50
    1.39141e-50
    1.11313e-50
      8.905e-51
      7.124e-51
     5.6992e-51
    4.55936e-51
    3.64749e-51
    2.91799e-51
    2.33439e-51
    1.86751e-51
    1.49401e-51
    1.19521e-51
    9.56168e-52
    7.64934e-52
    6.11947e-52
    4.89558e-52
    3.91646e-52
    3.13317e-52
    2.50654e-52
    2.00523e-52
    1.60418e-52
    1.28335e-52
    1.02668e-52
              0
