     0.00604563
      0.0279698
       0.040536
      0.0404579
      0.0393318
      0.0343909
      0.0290503
      0.0244903
       0.019999
      0.0163478
      0.0141147
      0.0174658
      0.0238134
      0.0317684
      0.0350807
      0.0346494
      0.0396528
       0.788876
       0.304471
        1.59342
       0.499297
        0.43946
        0.17602
        0.33146
       0.114809
      0.0194574
      0.0189903
      0.0167437
      0.0171314
      0.0158858
       0.152859
       0.108147
       0.106113
        0.11819
      0.0105721
       0.010406
       0.108467
       0.203087
      0.0549211
       0.053478
      0.0538726
      0.0283997
      0.0686868
       0.165322
       0.072329
     0.00614172
      0.0506817
        0.03622
     0.00594595
      0.0193617
     0.00647196
      0.0057612
      0.0348245
     0.00509575
     0.00534898
     0.00421402
      0.0239143
     0.00393033
       0.017557
      0.0377289
     0.00395997
      0.0344418
      0.0310316
      0.0262964
     0.00344684
      0.0396567
      0.0427796
      0.0228726
     0.00220441
      0.0115825
     0.00242057
     0.00216696
     0.00232062
      0.0113379
      0.0114294
     0.00604449
     0.00806786
     0.00154712
     0.00142834
     0.00143793
      0.0041035
      0.0148566
     0.00131068
     0.00141712
         0.0105
     0.00129576
      0.0158373
    0.000972996
    0.000951721
    0.000818597
     0.00524014
    0.000742551
    0.000824483
    0.000672576
     0.00563524
     0.00503013
     0.00266986
     0.00490568
     0.00062241
    0.000568622
    0.000569006
    0.000501472
    0.000440045
    0.000458029
     0.00671637
     0.00470818
    0.000412968
    0.000414353
     0.00132257
     0.00131396
     0.00234568
    0.000337048
    0.000349722
     0.00365819
    0.000328532
    0.000899702
    0.000248797
     0.00116065
    0.000241086
    0.000210534
    0.000852229
    0.000211789
    0.000791802
    0.000197773
    0.000186027
    0.000163781
    0.000796853
     0.00014038
    0.000567536
    0.000114781
    0.000427551
    0.000130456
     0.00105028
    0.000122781
    0.000318381
     0.00011431
    0.000539111
     0.00101848
    0.000513646
    0.000383818
    7.90462e-05
    0.000103767
    0.000701267
     0.00060182
     7.0326e-05
    0.000646802
    6.39804e-05
     5.9534e-05
    6.40091e-05
    4.99399e-05
    0.000312281
    4.14064e-05
    0.000178929
    0.000239845
    0.000728579
    4.51187e-05
    0.000177655
     4.3703e-05
    3.98591e-05
     3.5213e-05
    3.31069e-05
    3.19529e-05
    2.99566e-05
    2.71403e-05
    8.93379e-05
    8.88916e-05
    2.78012e-05
    2.63009e-05
     2.4143e-05
      0.0001129
    2.22431e-05
    1.97426e-05
    2.15196e-05
    1.61276e-05
    1.46846e-05
    1.31199e-05
    1.28979e-05
    1.56646e-05
    0.000147581
    1.54431e-05
    1.42495e-05
    1.39387e-05
    1.31191e-05
    1.27615e-05
     1.1168e-05
    1.06392e-05
    9.21976e-06
    9.46508e-06
    8.72845e-06
    9.49887e-06
    9.32347e-06
    8.60275e-06
    2.80064e-05
    7.69708e-06
     8.1925e-06
    3.53093e-05
     5.8091e-06
    5.84013e-06
    5.33125e-06
    3.36865e-05
    4.77953e-06
    5.09785e-06
    4.30902e-06
    4.67303e-06
    1.25556e-05
    5.63318e-06
    4.21352e-06
    3.75174e-06
    3.64888e-06
    2.25434e-05
    2.93606e-06
    2.73348e-06
    1.66648e-05
    1.47352e-05
    7.26511e-06
    2.94234e-06
    2.69255e-06
    5.30065e-06
    2.58247e-06
    2.49517e-06
     6.2983e-06
    1.99195e-06
    6.96429e-05
     2.0765e-06
    1.72221e-06
    2.29034e-06
     1.0781e-05
    5.02465e-05
    2.08676e-06
    2.09837e-06
    1.74294e-06
    1.47855e-05
    2.17398e-05
    3.15575e-05
    1.22809e-06
    8.95521e-06
    2.40256e-06
    1.02383e-05
    1.07355e-05
    2.00488e-06
     6.4948e-06
    2.73988e-06
    8.57452e-07
    8.54328e-07
    2.05826e-06
    7.49502e-07
    5.19986e-06
    8.90227e-07
      1.376e-06
    1.50406e-06
    8.14051e-07
    6.16158e-07
    7.35764e-07
    7.88789e-07
    1.59816e-06
    2.50975e-06
    1.22826e-06
    4.11802e-07
    4.50791e-06
     4.7814e-07
    1.88572e-06
     4.7722e-07
    4.02368e-07
     4.6794e-07
    3.86378e-07
    3.79023e-07
     3.3607e-07
    3.51898e-07
    3.66078e-07
    2.94112e-07
     6.6358e-07
     3.9159e-07
    9.94815e-07
    1.55434e-06
    3.63719e-07
    2.32161e-07
    2.18475e-07
    2.43623e-07
    1.68024e-07
    1.91702e-07
    3.51077e-07
    2.84217e-07
    1.85338e-07
    1.56875e-07
    6.77936e-07
    7.56142e-07
    1.48264e-06
     1.3755e-07
    1.35094e-07
     1.1366e-07
    1.04784e-07
    9.67831e-06
    4.99102e-07
    8.32962e-07
    2.60142e-07
    8.28214e-07
    1.28742e-07
    8.14298e-06
    9.82023e-08
    8.14295e-08
      9.914e-08
    8.22513e-08
     7.8843e-08
    7.07025e-08
    5.03499e-08
    1.07677e-06
    1.22917e-07
    7.08579e-07
    4.75792e-07
    2.69452e-07
    5.65725e-08
    1.38452e-07
    4.31972e-08
    4.70424e-08
    3.61916e-08
    2.29631e-07
     1.5377e-06
      7.782e-08
    3.99302e-08
     6.7858e-08
    4.84911e-08
    1.46923e-07
    2.07936e-06
      5.064e-07
    3.76517e-08
    3.39278e-08
    6.29318e-08
    4.61465e-08
    1.19775e-07
    2.57717e-08
    2.54404e-08
    2.40879e-08
    2.60953e-08
    2.44121e-08
    4.05878e-08
    2.03061e-08
    1.69205e-08
    1.47735e-07
    2.41895e-08
    1.42293e-08
    5.68957e-08
    2.31202e-08
    2.85163e-08
     2.3514e-08
    1.55679e-08
    2.48851e-08
    1.43123e-08
    1.31663e-08
     2.5584e-08
    2.97474e-08
    9.92749e-09
    9.46919e-09
    9.14994e-09
    9.20204e-09
    9.80124e-09
    9.17739e-09
    1.04681e-08
    8.44741e-09
    8.24481e-09
    6.94343e-09
     6.3247e-09
    5.37293e-09
    4.77942e-09
    2.45221e-08
    9.63494e-09
    5.96651e-09
    1.70248e-08
    6.62771e-09
    7.96585e-09
    2.45805e-08
    4.73258e-09
    4.47498e-09
    3.97731e-09
    7.18936e-09
    4.38436e-08
    3.86823e-09
     1.5928e-08
    3.62413e-09
    3.36797e-09
    2.22803e-08
    1.67732e-08
     2.2007e-08
    1.19047e-08
    2.77915e-09
    2.38672e-09
    2.46187e-09
    2.06736e-09
    1.88963e-09
    3.79212e-09
    2.35065e-09
    6.38141e-08
     2.6991e-09
    2.47209e-09
    5.84308e-09
    1.75498e-09
    1.52298e-09
    1.52871e-09
    2.88336e-08
    1.40931e-09
    1.77569e-09
    2.73661e-09
    1.58631e-09
    1.48533e-09
    1.29085e-09
    1.52874e-09
    1.26539e-09
    1.05053e-09
    9.01436e-10
    8.61813e-10
    6.85182e-10
    4.80918e-09
    7.07465e-10
    1.30607e-09
    1.12841e-09
    1.08645e-09
     1.2856e-09
    8.48927e-10
    1.02924e-09
    6.07983e-10
    5.38704e-10
    5.09153e-10
    4.26862e-10
    5.15643e-10
    5.04584e-10
    5.70162e-10
    5.83732e-10
    5.52947e-10
    5.52454e-10
    5.05064e-10
    4.58651e-10
       3.89e-10
    3.98428e-10
     2.7647e-10
    2.57467e-10
    2.71915e-10
    4.58083e-10
    3.54945e-10
    4.91215e-10
     4.1968e-10
     4.0942e-10
    3.35414e-10
    3.40605e-10
      2.451e-10
    2.27161e-10
    1.83589e-10
    1.80196e-10
    2.48886e-10
    2.47329e-10
    2.66552e-10
    2.39883e-10
    2.29469e-10
    2.20675e-10
    1.91309e-10
    1.74854e-10
    1.51327e-10
     1.3463e-10
    1.10217e-10
    1.21948e-10
    1.21246e-10
     1.8193e-10
    1.43322e-10
     6.1106e-09
    1.32092e-10
    1.53935e-10
    1.14027e-10
    2.84553e-09
    9.43343e-11
    2.81541e-09
    6.96488e-11
    9.14431e-11
    8.44974e-11
    1.04465e-10
    1.06303e-10
    1.06719e-10
    8.99382e-11
    8.37136e-11
     7.2093e-11
    6.47885e-11
    5.55163e-11
    4.70228e-11
    4.12932e-11
    4.99187e-11
    6.67086e-11
    6.31295e-11
    7.25742e-11
    6.42669e-11
    5.40084e-11
    5.36468e-11
    4.40127e-11
    3.81473e-11
    3.16708e-11
    2.57907e-11
    2.19488e-11
    2.89098e-11
    3.20179e-11
    4.14491e-11
    4.37091e-11
    4.10257e-11
    3.56011e-11
    3.16261e-11
    2.67128e-11
    2.22925e-11
    1.81823e-11
    1.49332e-11
    1.86955e-11
     2.0325e-11
    2.86014e-11
    2.51189e-11
    2.75373e-11
    2.40924e-11
    2.04711e-11
    1.79153e-11
    1.79189e-11
    1.52475e-11
    1.27587e-11
    1.03433e-11
    1.37143e-11
    1.27498e-11
    1.69619e-11
    1.69835e-11
     1.6205e-11
    1.37744e-11
    1.17461e-11
    9.35129e-12
    7.60666e-12
    6.06865e-12
    4.87299e-12
    3.89571e-12
    5.75594e-12
    6.20566e-12
    1.06503e-11
    9.63924e-12
    9.76255e-12
    7.80453e-12
    6.55049e-12
    5.22747e-12
    4.22043e-12
    3.37434e-12
    2.70413e-12
    2.16306e-12
    4.21348e-12
    4.80443e-12
    6.33704e-12
     6.1963e-12
    5.56018e-12
    4.53034e-12
    3.73136e-12
    2.98133e-12
    2.40138e-12
     1.9197e-12
    1.53798e-12
    1.23016e-12
    2.20376e-12
    3.33256e-12
    3.41916e-12
    2.99645e-12
    2.48726e-12
    2.02017e-12
    1.62726e-12
    1.30554e-12
    1.04582e-12
    8.37128e-13
    6.69878e-13
    1.68386e-12
    1.72415e-12
    2.26914e-12
    2.11707e-12
    1.77858e-12
     1.4595e-12
      1.176e-12
    9.45451e-13
    7.57283e-13
    6.06402e-13
     4.8523e-13
    3.88254e-13
    8.74442e-13
    1.04193e-12
    1.33236e-12
    1.34097e-12
    1.16417e-12
    9.65337e-13
    7.82618e-13
    6.30329e-13
    5.05526e-13
    4.04952e-13
    3.24121e-13
    2.59363e-13
    7.38297e-13
    7.64989e-13
    6.62511e-13
    5.50986e-13
    4.45709e-13
    3.59244e-13
     2.8793e-13
    2.30676e-13
    1.84604e-13
    1.47723e-13
    1.18186e-13
    9.45537e-14
    7.56438e-14
    6.05156e-14
    4.84126e-14
    3.87302e-14
    3.09841e-14
    2.47873e-14
    1.98299e-14
    1.58639e-14
    1.26911e-14
    1.01529e-14
    8.12231e-15
    6.49785e-15
    5.19828e-15
    4.15862e-15
     3.3269e-15
    2.66152e-15
    2.12921e-15
    1.70337e-15
     1.3627e-15
    1.09016e-15
    8.72126e-16
    6.97701e-16
    5.58161e-16
    4.46529e-16
    3.57223e-16
    2.85778e-16
    2.28623e-16
    1.82898e-16
    1.46319e-16
    1.17055e-16
    9.36439e-17
    7.49151e-17
    5.99321e-17
    4.79457e-17
    3.83565e-17
    3.06852e-17
    2.45482e-17
    1.96385e-17
    1.57108e-17
    1.25687e-17
    1.00549e-17
    8.04395e-18
    6.43516e-18
    5.14813e-18
     4.1185e-18
     3.2948e-18
    2.63584e-18
    2.10867e-18
    1.68694e-18
    1.34955e-18
    1.07964e-18
    8.63712e-19
     6.9097e-19
    5.52776e-19
    4.42221e-19
    3.53776e-19
    2.83021e-19
    2.26417e-19
    1.81134e-19
    1.44907e-19
    1.15925e-19
    9.27404e-20
    7.41923e-20
    5.93538e-20
    4.74831e-20
    3.79865e-20
    3.03892e-20
    2.43113e-20
    1.94491e-20
    1.55593e-20
    1.24474e-20
    9.95792e-21
    7.96634e-21
    6.37307e-21
    5.09846e-21
    4.07876e-21
    3.26301e-21
    2.61041e-21
    2.08833e-21
    1.67066e-21
    1.33653e-21
    1.06922e-21
    8.55379e-22
    6.84303e-22
    5.47443e-22
    4.37954e-22
    3.50363e-22
    2.80291e-22
    2.24232e-22
    1.79386e-22
    1.43509e-22
    1.14807e-22
    9.18456e-23
    7.34765e-23
    5.87812e-23
     4.7025e-23
      3.762e-23
     3.0096e-23
    2.40768e-23
    1.92614e-23
    1.54091e-23
    1.23273e-23
    9.86185e-24
    7.88948e-24
    6.31158e-24
    5.04927e-24
    4.03941e-24
    3.23153e-24
    2.58522e-24
    2.06818e-24
    1.65454e-24
    1.32363e-24
    1.05891e-24
    8.47126e-25
    6.77701e-25
    5.42161e-25
    4.33729e-25
    3.46983e-25
    2.77586e-25
    2.22069e-25
    1.77655e-25
    1.42124e-25
    1.13699e-25
    9.09595e-26
    7.27676e-26
    5.82141e-26
    4.65713e-26
     3.7257e-26
    2.98056e-26
    2.38445e-26
    1.90756e-26
    1.52605e-26
    1.22084e-26
     9.7667e-27
    7.81336e-27
    6.25069e-27
    5.00055e-27
    4.00044e-27
    3.20035e-27
    2.56028e-27
    2.04823e-27
    1.63858e-27
    1.31086e-27
    1.04869e-27
    8.38953e-28
    6.71162e-28
     5.3693e-28
    4.29544e-28
    3.43635e-28
    2.74908e-28
    2.19926e-28
    1.75941e-28
    1.40753e-28
    1.12602e-28
    9.00819e-29
    7.20655e-29
    5.76524e-29
    4.61219e-29
    3.68975e-29
     2.9518e-29
    2.36144e-29
    1.88915e-29
    1.51132e-29
    1.20906e-29
    9.67247e-30
    7.73798e-30
    6.19038e-30
     4.9523e-30
    3.96184e-30
    3.16947e-30
    2.53558e-30
    2.02846e-30
    1.62277e-30
    1.29822e-30
    1.03857e-30
    8.30859e-31
    6.64687e-31
     5.3175e-31
      4.254e-31
     3.4032e-31
    2.72256e-31
    2.17805e-31
    1.74244e-31
    1.39395e-31
    1.11516e-31
    8.92128e-32
    7.13702e-32
    5.70962e-32
    4.56769e-32
    3.65416e-32
    2.92332e-32
    2.33866e-32
    1.87093e-32
    1.49674e-32
    1.19739e-32
    9.57915e-33
    7.66332e-33
    6.13065e-33
    4.90452e-33
    3.92362e-33
     3.1389e-33
    2.51112e-33
    2.00889e-33
    1.60711e-33
    1.28569e-33
    1.02855e-33
    8.22843e-34
    6.58274e-34
    5.26619e-34
    4.21295e-34
    3.37036e-34
    2.69629e-34
    2.15703e-34
    1.72563e-34
     1.3805e-34
     1.1044e-34
     8.8352e-35
    7.06816e-35
    5.65453e-35
    4.52362e-35
     3.6189e-35
    2.89512e-35
     2.3161e-35
    1.85288e-35
     1.4823e-35
    1.18584e-35
    9.48673e-36
    7.58938e-36
    6.07151e-36
     4.8572e-36
    3.88576e-36
    3.10861e-36
    2.48689e-36
    1.98951e-36
    1.59161e-36
    1.27329e-36
    1.01863e-36
    8.14904e-37
    6.51923e-37
    5.21538e-37
    4.17231e-37
    3.33785e-37
    2.67028e-37
    2.13622e-37
    1.70898e-37
    1.36718e-37
    1.09375e-37
    8.74996e-38
    6.99997e-38
    5.59998e-38
    4.47998e-38
    3.58398e-38
    2.86719e-38
    2.29375e-38
      1.835e-38
      1.468e-38
     1.1744e-38
     9.3952e-39
    7.51616e-39
    6.01293e-39
    4.81034e-39
    3.84827e-39
    3.07862e-39
     2.4629e-39
    1.97032e-39
    1.57625e-39
      1.261e-39
     1.0088e-39
    8.07041e-40
    6.45633e-40
    5.16507e-40
    4.13205e-40
    3.30564e-40
    2.64451e-40
    2.11561e-40
    1.69249e-40
    1.35399e-40
    1.08319e-40
    8.66554e-41
    6.93243e-41
    5.54595e-41
    4.43676e-41
    3.54941e-41
    2.83952e-41
    2.27162e-41
     1.8173e-41
    1.45384e-41
    1.16307e-41
    9.30455e-42
    7.44364e-42
    5.95491e-42
    4.76393e-42
    3.81115e-42
    3.04892e-42
    2.43913e-42
    1.95131e-42
    1.56104e-42
    1.24884e-42
    9.99069e-43
    7.99255e-43
    6.39404e-43
    5.11523e-43
    4.09219e-43
    3.27375e-43
      2.619e-43
     2.0952e-43
    1.67616e-43
    1.34093e-43
    1.07274e-43
    8.58194e-44
    6.86555e-44
    5.49244e-44
    4.39395e-44
    3.51516e-44
    2.81213e-44
     2.2497e-44
    1.79976e-44
    1.43981e-44
    1.15185e-44
    9.21478e-45
    7.37183e-45
    5.89746e-45
    4.71797e-45
    3.77437e-45
     3.0195e-45
     2.4156e-45
    1.93248e-45
    1.54598e-45
    1.23679e-45
     9.8943e-46
    7.91544e-46
    6.33235e-46
    5.06588e-46
     4.0527e-46
    3.24216e-46
    2.59373e-46
    2.07498e-46
    1.65999e-46
    1.32799e-46
    1.06239e-46
    8.49914e-47
    6.79931e-47
    5.43945e-47
    4.35156e-47
    3.48125e-47
      2.785e-47
      2.228e-47
     1.7824e-47
    1.42592e-47
    1.14073e-47
    9.12588e-48
     7.3007e-48
    5.84056e-48
    4.67245e-48
    3.73796e-48
    2.99037e-48
    2.39229e-48
    1.91384e-48
    1.53107e-48
    1.22485e-48
    9.79884e-49
    7.83907e-49
    6.27125e-49
      5.017e-49
     4.0136e-49
    3.21088e-49
    2.56871e-49
    2.05496e-49
    1.64397e-49
    1.31518e-49
    1.05214e-49
    8.41714e-50
    6.73371e-50
    5.38697e-50
    4.30957e-50
    3.44766e-50
    2.75813e-50
     2.2065e-50
     1.7652e-50
    1.41216e-50
    1.12973e-50
    9.03783e-51
    7.23026e-51
    5.78421e-51
    4.62737e-51
     3.7019e-51
    2.96152e-51
    2.36921e-51
    1.89537e-51
     1.5163e-51
    1.21304e-51
     9.7043e-52
    7.76344e-52
    6.21075e-52
     4.9686e-52
    3.97488e-52
     3.1799e-52
    2.54392e-52
    2.03514e-52
    1.62811e-52
              0
