      0.0143805
      0.0565462
      0.0566001
      0.0517761
      0.0536297
      0.0435387
      0.0360551
      0.0290274
      0.0236983
      0.0220129
      0.0188545
      0.0191743
      0.0374299
      0.0318826
      0.0306852
      0.0283975
      0.0272421
       0.025425
      0.0246323
      0.0219359
      0.0201589
      0.0186902
      0.0190753
      0.0204036
      0.0243678
      0.0251763
       0.164545
      0.0222159
      0.0209562
      0.0189061
        0.01708
       0.355679
       0.217193
       0.107528
       0.246799
      0.0120589
      0.0139919
       0.139938
      0.0125648
      0.0105957
     0.00987901
     0.00979187
      0.0518762
     0.00939349
       0.051231
     0.00694548
     0.00846443
       0.140248
     0.00751665
     0.00715111
       0.072012
      0.0501877
      0.0501949
      0.0495301
      0.0653726
       0.039273
      0.0345796
     0.00483192
      0.0334137
      0.0520097
     0.00389243
     0.00390919
      0.0440766
     0.00353922
     0.00386898
     0.00357557
     0.00292659
     0.00269491
     0.00257922
       0.012167
      0.0030406
     0.00239883
      0.0028616
     0.00259537
     0.00237303
      0.0160601
      0.0222054
       0.029242
      0.0197786
      0.0200706
     0.00779674
     0.00156438
     0.00761275
     0.00132177
     0.00124771
     0.00117375
      0.0112606
      0.0138833
     0.00397085
     0.00384705
      0.0145823
      0.0114964
     0.00080388
    0.000912665
    0.000825043
    0.000924934
    0.000875767
     0.00705565
    0.000820505
      0.0006694
    0.000624933
      0.0103925
    0.000487265
    0.000539103
    0.000462532
     0.00242001
    0.000474136
      0.0004488
     0.00243009
    0.000433709
    0.000541287
    0.000453005
    0.000430579
    0.000991416
    0.000373092
    0.000922768
     0.00319934
    0.000253103
     0.00254602
     0.00746859
     0.00031561
     0.00651366
      0.0042805
     0.00115411
    0.000245758
    0.000207874
     0.00019581
    0.000167789
     0.00107785
    0.000761186
    0.000344577
    0.000149445
    0.000135982
      0.0001388
    0.000123512
     0.00011799
    0.000108305
    0.000241323
    9.48434e-05
    0.000222343
    9.90942e-05
     0.00143673
    0.000113735
    0.000104344
    0.000285555
    0.000103716
    8.21933e-05
    8.23742e-05
     0.00016297
    6.70691e-05
    0.000482541
    6.07832e-05
    6.10441e-05
    0.000341419
     0.00082718
    4.87384e-05
    0.000109883
    4.68155e-05
    4.32355e-05
    0.000176147
    4.26865e-05
    3.48301e-05
    0.000661198
    0.000100978
    3.16165e-05
    0.000535821
    0.000455472
    3.59812e-05
    2.88386e-05
    0.000457986
    5.23252e-05
    5.45345e-05
    5.21679e-05
     5.0021e-05
    0.000151596
    1.59599e-05
    1.59384e-05
    1.57375e-05
    4.63328e-05
    5.81276e-05
    1.62425e-05
    1.60132e-05
    4.31556e-05
    1.35702e-05
    1.34487e-05
    1.14794e-05
    1.16172e-05
    1.13261e-05
     9.5452e-06
    0.000106237
    2.99701e-05
    1.21506e-05
    1.02363e-05
    7.23216e-05
    8.19152e-06
    7.03148e-05
     6.8358e-05
    1.39048e-05
    6.20273e-06
    6.68104e-05
    4.77158e-05
      5.257e-06
    5.61189e-06
    5.60818e-06
    4.84239e-06
    2.25108e-05
    4.26663e-06
    0.000302043
    3.77462e-06
    0.000212889
    4.21193e-06
    2.27612e-05
    4.18073e-06
    0.000202329
     1.2926e-05
    0.000139758
    7.88994e-05
    7.05397e-06
    6.58191e-05
    3.98272e-06
    2.67942e-06
    2.47536e-06
    3.25392e-05
    2.10049e-06
     1.3742e-05
    2.17323e-06
    4.81557e-06
    3.26158e-06
     2.0731e-06
    2.10799e-06
    6.34837e-06
     2.8074e-06
    5.75679e-06
    4.94405e-05
    2.50231e-05
    1.32481e-06
    1.44061e-06
    4.65633e-05
    3.18297e-05
    1.92808e-06
    5.02007e-05
    7.86177e-06
    7.43627e-06
    5.41762e-06
    4.74052e-06
    1.28632e-06
    9.06185e-07
    8.56842e-07
    9.11425e-07
    8.31665e-07
    9.09651e-07
    1.93442e-06
    7.46666e-07
    4.83223e-06
     9.0941e-07
    3.35877e-06
    5.31389e-07
    5.34258e-07
    5.85026e-07
    5.41838e-07
     5.4059e-07
    8.38573e-07
    1.19757e-06
    7.42042e-07
     5.1627e-07
      4.791e-07
    4.47935e-07
    5.63108e-07
    3.85208e-07
    9.65117e-07
    5.85078e-07
    1.09399e-06
    3.62889e-07
    7.78732e-07
    7.39632e-07
    3.63791e-07
    1.57268e-06
    2.55483e-07
    2.12748e-06
    1.95399e-07
    2.15536e-07
    3.48579e-07
    2.57528e-07
    2.29141e-07
    9.23804e-07
    3.12221e-07
    2.83529e-07
    1.87102e-07
    3.41906e-07
    1.64411e-07
     1.2724e-07
    1.45932e-07
    2.52177e-07
    1.63665e-07
    1.15915e-07
    9.71794e-08
    2.28395e-07
    1.34858e-07
    1.05161e-07
    1.00566e-07
    3.62113e-07
    8.20183e-08
    9.15306e-08
     6.5291e-08
    6.23133e-08
    1.56856e-07
    2.36646e-07
    1.20406e-07
    1.65937e-06
    8.54976e-08
    2.38813e-07
    1.91332e-07
    6.63357e-07
    6.56583e-07
    4.66053e-08
    6.85632e-07
    1.04863e-07
    4.79069e-07
    7.78837e-08
    3.31947e-07
     2.1091e-07
    1.85816e-07
    4.65112e-08
    1.09445e-07
    1.66683e-07
    4.00427e-08
     3.3293e-08
    3.16981e-08
    4.79497e-08
    6.35255e-08
    2.32094e-07
    4.79255e-08
    5.08318e-08
    2.94664e-08
    3.23129e-08
     2.6374e-08
    2.40735e-08
    3.07851e-08
    1.97054e-08
    3.37044e-08
    5.73317e-08
     2.0248e-08
    2.81015e-08
    8.33643e-08
    1.87597e-08
    1.88179e-08
    1.62309e-08
    8.74663e-08
    1.91112e-08
    1.55682e-08
    1.06983e-08
    1.35152e-08
    5.27013e-08
     2.0861e-08
    2.10764e-08
    1.43963e-08
    2.38586e-08
    1.20397e-08
    2.38159e-08
    9.57279e-09
    3.56159e-08
    1.14957e-08
    6.77814e-09
    7.27828e-09
    1.03878e-08
    8.57514e-09
    6.56456e-09
    7.59975e-09
    8.83433e-09
    5.81782e-09
    5.15833e-09
    4.89351e-09
    4.70946e-09
    4.16364e-09
    3.61669e-09
    5.98405e-09
    5.52412e-09
    5.76785e-09
    5.69969e-09
    1.19115e-08
    8.18574e-09
    4.19536e-09
    5.48159e-09
    3.23953e-09
    3.00537e-09
     2.4311e-09
    2.39361e-09
    2.37166e-09
     2.4307e-09
    2.90967e-09
    2.36308e-08
    3.07495e-09
    2.47371e-09
    3.42998e-09
    2.13297e-09
    2.17199e-09
    1.65824e-09
    1.76567e-09
     1.2887e-09
    1.94396e-09
    2.48336e-09
    2.04723e-09
    2.22526e-09
    1.88813e-09
    3.83302e-09
      1.746e-09
    1.28355e-09
    1.08449e-09
    9.72154e-10
    8.27836e-10
    9.11823e-10
    8.37747e-10
    1.54122e-09
    9.48728e-10
    1.36596e-09
     6.7794e-09
    8.59413e-10
    7.34204e-10
    7.09718e-10
    2.03009e-09
    5.51987e-10
    5.59576e-10
    7.85026e-10
    6.86242e-10
    2.13772e-09
    7.24745e-10
    6.85249e-10
    7.46628e-10
    6.32823e-10
    6.06185e-10
    4.59585e-10
    3.94098e-10
    3.23297e-10
    6.20197e-09
    3.36957e-10
    3.21081e-10
     4.1815e-10
    3.97099e-10
    4.60039e-10
    3.12231e-09
    3.62962e-10
    3.22411e-10
    2.79353e-10
    2.81702e-10
    1.50085e-09
    1.97536e-10
    3.44846e-10
    3.82779e-10
    2.97119e-10
    3.07427e-10
    2.73272e-10
    3.04405e-10
    2.21741e-10
    6.17135e-09
    1.76327e-10
    1.68477e-10
    1.30345e-10
    1.42267e-10
    4.15637e-09
    1.63747e-10
    1.84981e-10
    1.93661e-10
    1.57086e-10
    1.56815e-10
    1.31106e-10
    1.24866e-10
    1.08804e-10
    1.28661e-10
    9.61064e-11
    1.58961e-10
     1.0149e-10
    1.68538e-10
    1.29548e-10
    1.30181e-10
    1.04307e-10
    1.46727e-10
      8.606e-11
    1.17347e-10
    6.71231e-11
    5.86703e-11
    4.79837e-11
    5.47239e-11
    5.75019e-11
     7.3158e-11
    6.68219e-11
    7.63448e-11
    6.03714e-11
    5.80942e-11
    4.89024e-11
    4.38678e-11
    3.61567e-11
    3.03456e-11
    2.65516e-11
    5.64292e-11
    3.81153e-11
    6.66145e-11
    4.99465e-11
    5.07413e-11
    4.07884e-11
    7.14308e-11
    3.26513e-11
    3.55574e-11
    2.24977e-11
    1.86626e-11
     2.0708e-11
    2.06587e-11
    2.67125e-11
    2.79102e-11
     2.6774e-11
    2.83069e-11
    2.32581e-11
    2.11067e-11
    1.87807e-11
    1.71569e-11
    1.47817e-11
    1.19987e-11
    2.63519e-11
    1.36535e-11
    2.98032e-11
    1.90857e-11
    2.05628e-11
    1.61559e-11
     1.3803e-11
    1.10318e-11
    8.94173e-12
    7.15385e-12
    5.73725e-12
    4.58999e-12
    6.36784e-12
     6.3997e-12
    1.01954e-11
    9.77494e-12
    1.16296e-11
    9.01355e-12
    7.73115e-12
    6.13639e-12
    4.97229e-12
    3.97226e-12
    3.18541e-12
    2.54773e-12
     9.6884e-12
    5.25728e-12
    1.12816e-11
    6.72642e-12
     7.0275e-12
    5.23539e-12
    4.45189e-12
    3.50388e-12
     2.8358e-12
    2.26105e-12
    1.81262e-12
    1.44914e-12
    2.40552e-12
    3.37505e-12
    3.70776e-12
    3.39839e-12
    2.85414e-12
    2.36172e-12
    1.90548e-12
    1.53563e-12
    1.23046e-12
    9.85848e-13
    7.88921e-13
    4.16836e-12
    1.74503e-12
    4.44627e-12
    2.26764e-12
    2.33227e-12
    1.69578e-12
     1.4192e-12
     1.1125e-12
    8.96628e-13
    7.14405e-13
    5.72189e-13
     4.5739e-13
    9.42027e-13
    1.03269e-12
    1.49402e-12
    1.39707e-12
    1.35986e-12
    1.09534e-12
    9.21232e-13
     7.3627e-13
     5.9547e-13
    4.76208e-13
    3.81808e-13
    3.05425e-13
    1.87997e-12
    7.68903e-13
      9.134e-13
     6.3436e-13
    5.44266e-13
    4.22312e-13
    3.41778e-13
    2.71757e-13
    2.17801e-13
    1.74033e-13
    1.39266e-13
    1.11387e-13
    8.91133e-14
    7.12874e-14
    5.70303e-14
    4.56239e-14
    3.64991e-14
    2.91993e-14
    2.33594e-14
    1.86875e-14
      1.495e-14
      1.196e-14
    9.56801e-15
    7.65441e-15
    6.12353e-15
    4.89882e-15
    3.91906e-15
    3.13525e-15
     2.5082e-15
    2.00656e-15
    1.60525e-15
     1.2842e-15
    1.02736e-15
    8.21886e-16
    6.57509e-16
    5.26007e-16
    4.20805e-16
    3.36644e-16
    2.69316e-16
    2.15452e-16
    1.72362e-16
     1.3789e-16
    1.10312e-16
    8.82493e-17
    7.05994e-17
    5.64796e-17
    4.51836e-17
    3.61469e-17
    2.89175e-17
     2.3134e-17
    1.85072e-17
    1.48058e-17
    1.18446e-17
     9.4757e-18
    7.58056e-18
    6.06445e-18
    4.85156e-18
    3.88125e-18
      3.105e-18
      2.484e-18
     1.9872e-18
    1.58976e-18
    1.27181e-18
    1.01745e-18
    8.13956e-19
    6.51165e-19
    5.20932e-19
    4.16746e-19
    3.33396e-19
    2.66717e-19
    2.13374e-19
    1.70699e-19
    1.36559e-19
    1.09247e-19
    8.73979e-20
    6.99183e-20
    5.59346e-20
    4.47477e-20
    3.57982e-20
    2.86385e-20
    2.29108e-20
    1.83287e-20
    1.46629e-20
    1.17303e-20
    9.38427e-21
    7.50742e-21
    6.00594e-21
    4.80475e-21
     3.8438e-21
    3.07504e-21
    2.46003e-21
    1.96802e-21
    1.57442e-21
    1.25954e-21
    1.00763e-21
    8.06103e-22
    6.44882e-22
    5.15906e-22
    4.12725e-22
     3.3018e-22
    2.64144e-22
    2.11315e-22
    1.69052e-22
    1.35242e-22
    1.08193e-22
    8.65546e-23
    6.92437e-23
     5.5395e-23
     4.4316e-23
    3.54528e-23
    2.83622e-23
    2.26898e-23
    1.81518e-23
    1.45215e-23
    1.16172e-23
    9.29373e-24
    7.43499e-24
    5.94799e-24
    4.75839e-24
    3.80671e-24
    3.04537e-24
     2.4363e-24
    1.94904e-24
    1.55923e-24
    1.24738e-24
    9.97907e-25
    7.98326e-25
    6.38661e-25
    5.10928e-25
    4.08743e-25
    3.26994e-25
    2.61595e-25
    2.09276e-25
    1.67421e-25
    1.33937e-25
    1.07149e-25
    8.57196e-26
    6.85756e-26
    5.48605e-26
    4.38884e-26
    3.51107e-26
    2.80886e-26
    2.24709e-26
    1.79767e-26
    1.43814e-26
    1.15051e-26
    9.20407e-27
    7.36325e-27
     5.8906e-27
    4.71248e-27
    3.76999e-27
    3.01599e-27
    2.41279e-27
    1.93023e-27
    1.54419e-27
    1.23535e-27
    9.88279e-28
    7.90623e-28
    6.32499e-28
    5.05999e-28
    4.04799e-28
    3.23839e-28
    2.59071e-28
    2.07257e-28
    1.65806e-28
    1.32645e-28
    1.06116e-28
    8.48925e-29
     6.7914e-29
    5.43312e-29
     4.3465e-29
     3.4772e-29
    2.78176e-29
    2.22541e-29
    1.78033e-29
    1.42426e-29
    1.13941e-29
    9.11527e-30
    7.29221e-30
    5.83377e-30
    4.66702e-30
    3.73361e-30
    2.98689e-30
    2.38951e-30
    1.91161e-30
    1.52929e-30
    1.22343e-30
    9.78744e-31
    7.82995e-31
    6.26396e-31
    5.01117e-31
    4.00894e-31
    3.20715e-31
    2.56572e-31
    2.05258e-31
    1.64206e-31
    1.31365e-31
    1.05092e-31
    8.40735e-32
    6.72588e-32
     5.3807e-32
    4.30456e-32
    3.44365e-32
    2.75492e-32
    2.20394e-32
    1.76315e-32
    1.41052e-32
    1.12842e-32
    9.02732e-33
    7.22186e-33
    5.77749e-33
    4.62199e-33
    3.69759e-33
    2.95807e-33
    2.36646e-33
    1.89317e-33
    1.51453e-33
    1.21163e-33
    9.69301e-34
    7.75441e-34
    6.20353e-34
    4.96282e-34
    3.97026e-34
    3.17621e-34
    2.54096e-34
    2.03277e-34
    1.62622e-34
    1.30097e-34
    1.04078e-34
    8.32623e-35
    6.66099e-35
    5.32879e-35
    4.26303e-35
    3.41043e-35
    2.72834e-35
    2.18267e-35
    1.74614e-35
    1.39691e-35
    1.11753e-35
    8.94022e-36
    7.15218e-36
    5.72174e-36
    4.57739e-36
    3.66192e-36
    2.92953e-36
    2.34363e-36
     1.8749e-36
    1.49992e-36
    1.19994e-36
    9.59949e-37
    7.67959e-37
    6.14368e-37
    4.91494e-37
    3.93195e-37
    3.14556e-37
    2.51645e-37
    2.01316e-37
    1.61053e-37
    1.28842e-37
    1.03074e-37
     8.2459e-38
    6.59672e-38
    5.27738e-38
     4.2219e-38
    3.37752e-38
    2.70202e-38
    2.16161e-38
    1.72929e-38
    1.38343e-38
    1.10675e-38
    8.85397e-39
    7.08317e-39
    5.66654e-39
    4.53323e-39
    3.62659e-39
    2.90127e-39
    2.32101e-39
    1.85681e-39
    1.48545e-39
    1.18836e-39
    9.50688e-40
     7.6055e-40
     6.0844e-40
    4.86752e-40
    3.89402e-40
    3.11521e-40
    2.49217e-40
    1.99374e-40
    1.59499e-40
    1.27599e-40
    1.02079e-40
    8.16634e-41
    6.53308e-41
    5.22646e-41
    4.18117e-41
    3.34493e-41
    2.67595e-41
    2.14076e-41
    1.71261e-41
    1.37009e-41
    1.09607e-41
    8.76854e-42
    7.01484e-42
    5.61187e-42
    4.48949e-42
     3.5916e-42
    2.87328e-42
    2.29862e-42
     1.8389e-42
    1.47112e-42
    1.17689e-42
    9.41515e-43
    7.53212e-43
     6.0257e-43
    4.82056e-43
    3.85645e-43
    3.08516e-43
    2.46813e-43
     1.9745e-43
     1.5796e-43
    1.26368e-43
    1.01094e-43
    8.08755e-44
    6.47004e-44
    5.17603e-44
    4.14083e-44
    3.31266e-44
    2.65013e-44
     2.1201e-44
    1.69608e-44
    1.35687e-44
    1.08549e-44
    8.68394e-45
    6.94716e-45
    5.55772e-45
    4.44618e-45
    3.55694e-45
    2.84556e-45
    2.27644e-45
    1.82116e-45
    1.45692e-45
    1.16554e-45
    9.32431e-46
    7.45945e-46
    5.96756e-46
    4.77405e-46
    3.81924e-46
    3.05539e-46
    2.44431e-46
    1.95545e-46
    1.56436e-46
    1.25149e-46
    1.00119e-46
    8.00952e-47
    6.40762e-47
     5.1261e-47
    4.10088e-47
     3.2807e-47
    2.62456e-47
    2.09965e-47
    1.67972e-47
    1.34378e-47
    1.07502e-47
    8.60016e-48
    6.88013e-48
     5.5041e-48
    4.40328e-48
    3.52263e-48
     2.8181e-48
    2.25448e-48
    1.80358e-48
    1.44287e-48
    1.15429e-48
    9.23435e-49
    7.38748e-49
    5.90999e-49
    4.72799e-49
    3.78239e-49
    3.02591e-49
    2.42073e-49
    1.93658e-49
    1.54927e-49
    1.23941e-49
    9.91531e-50
    7.93225e-50
     6.3458e-50
    5.07664e-50
    4.06131e-50
    3.24905e-50
    2.59924e-50
    2.07939e-50
    1.66351e-50
    1.33081e-50
    1.06465e-50
    8.51719e-51
    6.81375e-51
      5.451e-51
     4.3608e-51
    3.48864e-51
    2.79091e-51
    2.23273e-51
    1.78618e-51
    1.42895e-51
    1.14316e-51
    9.14526e-52
    7.31621e-52
    5.85297e-52
    4.68237e-52
     3.7459e-52
    2.99672e-52
    2.39737e-52
     1.9179e-52
              0
