     0.00505701
      0.0242494
      0.0377291
      0.0391467
      0.0369089
      0.0332759
       0.028643
      0.0236612
      0.0195179
      0.0161491
      0.0138681
      0.0169869
      0.0211654
        0.02383
      0.0348825
       0.028404
       0.044322
       0.716754
      0.0285156
       0.441069
       0.162277
       0.304939
      0.0854928
      0.0159169
      0.0208823
      0.0154801
      0.0172998
      0.0153106
      0.0147453
      0.0148213
      0.0136062
      0.0122714
       0.243335
        0.17178
       0.105223
      0.0109462
      0.0115435
      0.0761104
      0.0133287
         0.3703
       0.011303
       0.188341
     0.00926036
     0.00687272
      0.0504091
       0.113752
     0.00608456
      0.0490003
      0.0703345
     0.00589334
     0.00555287
      0.0696201
     0.00575268
       0.068405
      0.0694582
     0.00434631
      0.0333486
     0.00446863
     0.00347513
        0.01802
      0.0333784
      0.0236088
     0.00349187
      0.0327704
      0.0165671
      0.0033562
      0.0116343
      0.0322626
      0.0159573
      0.0223854
      0.0164147
     0.00848951
      0.0112869
     0.00180723
     0.00203856
     0.00176197
     0.00159766
     0.00161634
     0.00130421
      0.0013111
     0.00113481
     0.00106846
     0.00139795
     0.00738924
     0.00153241
      0.0039507
      0.0166216
    0.000930523
     0.00103838
     0.00709438
    0.000862617
    0.000882307
     0.00073944
    0.000902545
     0.00784484
     0.00359208
    0.000658182
    0.000616264
    0.000654126
     0.00481781
    0.000494966
     0.00877173
    0.000422389
     0.00468992
     0.00171579
     0.00177751
     0.00177622
     0.00099685
    0.000424218
     0.00124141
      0.0056366
    0.000932687
     0.00325538
    0.000301423
     0.00164558
    0.000249092
     0.00223719
    0.000214971
    0.000233078
     0.00022103
      0.0008303
    0.000190808
    0.000190133
    0.000471972
    0.000188551
    0.000155547
    0.000152293
    0.000762653
    0.000420062
    0.000144076
    0.000150412
    0.000130055
    0.000151385
    0.000111685
    0.000124618
     0.00103732
    0.000238326
    0.000946895
    9.00712e-05
    9.34097e-05
    7.79878e-05
    8.02464e-05
     0.00199448
    0.000268401
    7.13464e-05
    0.000487005
    0.000194924
     0.00024973
    5.38647e-05
    0.000248983
    4.25416e-05
    4.73207e-05
    4.36827e-05
    0.000114368
    0.000544007
    0.000340008
    6.50759e-05
    5.33747e-05
    8.62845e-05
    4.79953e-05
      3.608e-05
    5.28642e-05
    3.27308e-05
    3.16036e-05
     0.00013479
    3.53648e-05
    2.87813e-05
    3.28727e-05
    2.50422e-05
    6.74639e-05
    2.38134e-05
    2.13701e-05
    2.11515e-05
    1.65289e-05
    0.000253507
      1.364e-05
    1.45054e-05
    1.97494e-05
    1.42701e-05
     2.2918e-05
    0.000106203
      3.566e-05
     1.5623e-05
    4.20407e-05
    1.12036e-05
    3.85156e-05
    9.13269e-06
    8.86325e-06
    1.99787e-05
    0.000112492
    9.24724e-06
    3.68123e-05
    8.59349e-06
    3.56218e-05
    2.01388e-05
    6.12174e-06
    5.99453e-06
    5.32208e-06
     4.7226e-06
    4.02784e-05
    6.01173e-05
    9.58283e-06
    2.38417e-05
    5.62755e-05
    4.39165e-06
    5.49881e-06
    1.31172e-05
    4.31058e-06
    6.51125e-05
    3.19804e-06
    2.77954e-06
    3.73109e-05
    2.67595e-06
    2.68563e-06
    4.85797e-05
    2.56837e-06
    2.24477e-05
     4.2761e-06
    2.66735e-06
    2.26647e-06
    2.19977e-06
    1.87571e-06
     1.7864e-06
    1.83169e-06
    2.01218e-06
    9.35431e-06
    5.99922e-06
    2.30278e-06
    3.01583e-05
    1.66939e-06
    1.19563e-05
    1.66064e-06
    1.03869e-05
     1.8521e-05
    2.25487e-06
    2.61429e-05
    1.02883e-05
    1.12922e-06
    1.11147e-06
    2.31229e-06
    9.19727e-07
    8.76754e-07
    8.59718e-07
    1.61368e-06
    7.47466e-07
    2.55643e-06
    1.58793e-06
    9.56512e-07
    1.10851e-06
    8.49401e-07
    6.62632e-07
      1.521e-06
    5.68412e-07
    5.35854e-07
     6.1082e-07
    1.35111e-06
    1.60498e-06
    3.66657e-07
    3.75722e-07
    1.28287e-06
    3.91822e-07
    3.70712e-07
    6.57833e-07
    7.17753e-07
    4.52704e-07
    5.32097e-07
    3.31519e-07
    3.05655e-07
    1.18537e-06
    1.60595e-06
    1.13945e-06
    8.34735e-07
    1.06771e-06
    3.92371e-07
    3.29265e-07
    4.47158e-06
    2.16317e-07
    1.84266e-07
     2.6561e-07
    2.09536e-07
    2.17045e-07
      1.494e-07
    2.14759e-06
    1.57012e-07
     1.5514e-07
    3.74273e-07
    1.45077e-07
    1.35851e-07
     1.0028e-06
    1.57689e-07
    1.13354e-07
     3.7184e-07
    3.90228e-07
    2.97872e-07
    9.29709e-08
    1.37047e-07
    1.01864e-06
    1.01823e-07
    1.21351e-07
    1.35755e-07
    9.60032e-07
    1.55937e-06
    7.06414e-07
    3.39071e-07
    6.53786e-07
    3.41872e-07
    5.60358e-08
    5.97353e-08
     1.2411e-07
    1.44363e-07
    6.36319e-08
    4.66644e-08
    1.72149e-07
    3.92944e-08
    7.56353e-08
    9.18108e-08
    1.95829e-06
    3.36439e-08
    1.02346e-06
    6.40468e-07
    7.09981e-08
    4.46457e-07
    1.34541e-06
    1.59749e-07
    3.66772e-08
    1.13707e-07
     2.4388e-08
    8.27378e-08
    3.43168e-08
    2.31295e-08
    2.29179e-08
    2.12154e-07
    3.65917e-08
    2.36112e-08
     2.0912e-07
    1.54518e-07
    2.45838e-08
    4.26959e-08
    1.40989e-08
    1.60045e-08
     4.7069e-08
     1.3674e-08
    7.00009e-08
     1.5026e-08
    2.98404e-08
    1.31563e-08
    1.73959e-08
    3.34482e-08
    1.12148e-08
    9.68556e-09
    8.23863e-09
    7.38237e-09
    8.68887e-09
    1.04502e-08
    9.22294e-09
    2.47085e-08
    1.39642e-08
    7.53794e-09
    5.21747e-08
    6.58745e-09
    1.86828e-08
    5.15991e-09
    1.73573e-08
    5.79255e-09
    4.90789e-09
    1.51405e-08
    6.14615e-09
    5.58182e-09
     6.4432e-09
    1.49631e-07
    5.73567e-09
    4.65483e-09
    3.96481e-09
    3.41784e-09
    1.18503e-07
     2.1838e-08
    3.42418e-09
    2.62272e-08
    3.56227e-09
    2.24785e-08
    1.19569e-08
    4.76648e-08
    2.20001e-08
     2.5144e-09
    2.48287e-09
    8.97536e-08
     1.9388e-09
    2.37947e-09
    5.86873e-09
    2.68481e-09
    2.23952e-09
    2.46516e-09
    2.54966e-09
    1.88216e-09
     1.9533e-09
    2.81996e-09
    1.43814e-09
    1.40718e-09
    1.16591e-09
    1.24723e-09
     1.6098e-09
    1.29468e-08
    6.22241e-09
    1.32476e-09
    1.25229e-09
    1.09729e-09
    9.83994e-10
    9.58453e-10
    7.44894e-10
    7.48008e-10
    9.32893e-10
    6.61052e-10
    1.08468e-09
    8.37988e-10
    1.04257e-09
    7.48491e-10
    9.18595e-10
    8.05527e-10
    6.21184e-10
    5.23023e-10
    4.46664e-10
    4.04941e-10
    4.34427e-10
    4.99595e-10
    5.37119e-10
    6.69085e-10
    4.62575e-09
    4.98074e-10
    4.92347e-10
    4.17985e-10
    3.63124e-10
    3.27411e-10
    2.81597e-10
    2.40505e-10
    3.81781e-10
    3.02227e-10
    4.71181e-10
     1.3098e-08
     4.4753e-10
    4.24053e-10
    3.29899e-10
    4.58365e-10
    2.41877e-10
    2.33913e-10
    6.07858e-09
    1.68129e-10
    2.03029e-09
    2.31386e-10
    2.39775e-10
    2.82567e-10
    2.32719e-10
    2.23718e-10
     1.8159e-10
    1.66665e-10
    1.41596e-10
    1.28901e-10
     1.0576e-10
    1.67335e-10
    1.08811e-10
    1.96138e-10
    1.56739e-10
    2.32275e-10
    1.44376e-10
     4.7864e-09
    1.14038e-10
    1.49076e-10
    9.38035e-11
    8.64879e-11
     6.7596e-11
    8.21878e-11
    7.86079e-11
    1.10081e-10
    1.12264e-10
    1.10764e-10
    8.71065e-11
    8.39153e-11
    7.17209e-11
    6.35275e-11
    5.30447e-11
    4.60088e-11
    5.39881e-11
     6.8773e-11
    6.15254e-11
    8.64072e-11
    6.54944e-11
    7.88032e-11
    5.14117e-11
      6.886e-11
    4.29464e-11
    4.37999e-11
       3.03e-11
    2.60915e-11
    2.17758e-11
    2.37858e-11
    3.40208e-11
     4.3507e-11
    4.31031e-11
    4.30491e-11
    3.41037e-11
    3.11479e-11
    2.52391e-11
    2.16191e-11
    1.73687e-11
    1.46371e-11
    3.35714e-11
    1.64921e-11
    3.84131e-11
    2.52954e-11
    2.87808e-11
    2.62153e-11
     2.0109e-11
    2.00447e-11
    2.15779e-11
     1.4356e-11
     1.3262e-11
    1.00145e-11
    1.13785e-11
    1.12708e-11
    1.75508e-11
    1.59716e-11
    1.73645e-11
    1.34771e-11
    1.15068e-11
    9.15261e-12
    7.40658e-12
    5.91888e-12
    4.74522e-12
    3.79542e-12
    1.01832e-11
    5.07932e-12
    1.48098e-11
    9.19722e-12
    1.08899e-11
    7.59621e-12
    6.55693e-12
    5.09502e-12
     4.1315e-12
    3.28741e-12
    2.63618e-12
    2.10688e-12
    3.13645e-12
    4.66553e-12
      5.767e-12
    5.61147e-12
    5.63693e-12
    4.30971e-12
    3.67541e-12
    2.88865e-12
     2.3443e-12
    1.86775e-12
    1.49858e-12
    1.19787e-12
    4.26297e-12
    4.23883e-12
    3.39706e-12
    3.09446e-12
    2.42106e-12
    1.99214e-12
    1.58466e-12
    1.27469e-12
     1.0186e-12
    8.15715e-13
    6.52436e-13
    1.19264e-12
    1.43522e-12
    1.95808e-12
    1.84039e-12
    1.78226e-12
    1.37476e-12
    1.15739e-12
    9.13529e-13
    7.39334e-13
    5.89607e-13
    4.72815e-13
     3.7801e-13
    1.83038e-12
     8.0848e-13
    2.13441e-12
    1.13073e-12
    1.27346e-12
    9.11986e-13
    7.80875e-13
    6.10429e-13
     4.9467e-13
    3.94008e-13
    3.15957e-13
    2.52563e-13
    5.12219e-13
    6.32224e-13
     6.6943e-13
    5.10923e-13
    4.40786e-13
    3.45765e-13
    2.81447e-13
    2.24097e-13
    1.79925e-13
    1.43801e-13
    1.15123e-13
     9.2081e-14
    7.36749e-14
    5.89379e-14
    4.71515e-14
     3.7721e-14
    3.01769e-14
    2.41415e-14
    1.93132e-14
    1.54506e-14
    1.23605e-14
    9.88837e-15
     7.9107e-15
    6.32856e-15
    5.06285e-15
    4.05028e-15
    3.24022e-15
    2.59218e-15
    2.07374e-15
    1.65899e-15
    1.32719e-15
    1.06176e-15
    8.49405e-16
    6.79524e-16
    5.43619e-16
    4.34895e-16
    3.47916e-16
    2.78333e-16
    2.22666e-16
    1.78133e-16
    1.42506e-16
    1.14005e-16
    9.12041e-17
    7.29633e-17
    5.83706e-17
    4.66965e-17
    3.73572e-17
    2.98858e-17
    2.39086e-17
    1.91269e-17
    1.53015e-17
    1.22412e-17
    9.79297e-18
    7.83438e-18
     6.2675e-18
      5.014e-18
     4.0112e-18
    3.20896e-18
    2.56717e-18
    2.05373e-18
    1.64299e-18
    1.31439e-18
    1.05151e-18
     8.4121e-19
    6.72968e-19
    5.38374e-19
    4.30699e-19
    3.44559e-19
    2.75648e-19
    2.20518e-19
    1.76414e-19
    1.41132e-19
    1.12905e-19
    9.03242e-20
    7.22594e-20
    5.78075e-20
     4.6246e-20
    3.69968e-20
    2.95974e-20
    2.36779e-20
    1.89424e-20
    1.51539e-20
    1.21231e-20
    9.69849e-21
    7.75879e-21
    6.20703e-21
    4.96562e-21
     3.9725e-21
      3.178e-21
     2.5424e-21
    2.03392e-21
    1.62714e-21
    1.30171e-21
    1.04137e-21
    8.33094e-22
    6.66475e-22
     5.3318e-22
    4.26544e-22
    3.41235e-22
    2.72988e-22
     2.1839e-22
    1.74712e-22
     1.3977e-22
    1.11816e-22
    8.94527e-23
    7.15622e-23
    5.72497e-23
    4.57998e-23
    3.66398e-23
    2.93119e-23
    2.34495e-23
    1.87596e-23
    1.50077e-23
    1.20061e-23
    9.60491e-24
    7.68393e-24
    6.14714e-24
    4.91772e-24
    3.93417e-24
    3.14734e-24
    2.51787e-24
     2.0143e-24
    1.61144e-24
    1.28915e-24
    1.03132e-24
    8.25056e-25
    6.60045e-25
    5.28036e-25
    4.22429e-25
    3.37943e-25
    2.70354e-25
    2.16283e-25
    1.73027e-25
    1.38421e-25
    1.10737e-25
    8.85897e-26
    7.08717e-26
    5.66974e-26
    4.53579e-26
    3.62863e-26
    2.90291e-26
    2.32233e-26
    1.85786e-26
    1.48629e-26
    1.18903e-26
    9.51224e-27
     7.6098e-27
    6.08784e-27
    4.87027e-27
    3.89622e-27
    3.11697e-27
    2.49358e-27
    1.99486e-27
    1.59589e-27
    1.27671e-27
    1.02137e-27
    8.17096e-28
    6.53676e-28
    5.22941e-28
    4.18353e-28
    3.34682e-28
    2.67746e-28
    2.14197e-28
    1.71357e-28
    1.37086e-28
    1.09669e-28
     8.7735e-29
     7.0188e-29
    5.61504e-29
    4.49203e-29
    3.59362e-29
     2.8749e-29
    2.29992e-29
    1.83994e-29
    1.47195e-29
    1.17756e-29
    9.42047e-30
    7.53638e-30
     6.0291e-30
    4.82328e-30
    3.85862e-30
     3.0869e-30
    2.46952e-30
    1.97562e-30
    1.58049e-30
    1.26439e-30
    1.01152e-30
    8.09212e-31
     6.4737e-31
    5.17896e-31
    4.14317e-31
    3.31453e-31
    2.65163e-31
     2.1213e-31
    1.69704e-31
    1.35763e-31
    1.08611e-31
    8.68885e-32
    6.95108e-32
    5.56086e-32
    4.44869e-32
    3.55895e-32
    2.84716e-32
    2.27773e-32
    1.82218e-32
    1.45775e-32
     1.1662e-32
    9.32958e-33
    7.46366e-33
    5.97093e-33
    4.77675e-33
     3.8214e-33
    3.05712e-33
    2.44569e-33
    1.95655e-33
    1.56524e-33
     1.2522e-33
    1.00176e-33
    8.01405e-34
    6.41124e-34
    5.12899e-34
    4.10319e-34
    3.28255e-34
    2.62604e-34
    2.10083e-34
    1.68067e-34
    1.34453e-34
    1.07563e-34
    8.60502e-35
    6.88401e-35
    5.50721e-35
    4.40577e-35
    3.52462e-35
    2.81969e-35
    2.25575e-35
     1.8046e-35
    1.44368e-35
    1.15495e-35
    9.23957e-36
    7.39165e-36
    5.91332e-36
    4.73066e-36
    3.78453e-36
    3.02762e-36
     2.4221e-36
    1.93768e-36
    1.55014e-36
    1.24011e-36
    9.92091e-37
    7.93673e-37
    6.34938e-37
    5.07951e-37
     4.0636e-37
    3.25088e-37
    2.60071e-37
    2.08057e-37
    1.66445e-37
    1.33156e-37
    1.06525e-37
      8.522e-38
     6.8176e-38
    5.45408e-38
    4.36326e-38
    3.49061e-38
    2.79249e-38
    2.23399e-38
    1.78719e-38
    1.42975e-38
     1.1438e-38
    9.15042e-39
    7.32034e-39
    5.85627e-39
    4.68502e-39
    3.74801e-39
    2.99841e-39
    2.39873e-39
    1.91898e-39
    1.53519e-39
    1.22815e-39
    9.82519e-40
    7.86015e-40
    6.28812e-40
     5.0305e-40
     4.0244e-40
    3.21952e-40
    2.57562e-40
    2.06049e-40
    1.64839e-40
    1.31871e-40
    1.05497e-40
    8.43978e-41
    6.75182e-41
    5.40146e-41
    4.32117e-41
    3.45693e-41
    2.76555e-41
    2.21244e-41
    1.76995e-41
    1.41596e-41
    1.13277e-41
    9.06214e-42
    7.24971e-42
    5.79977e-42
    4.63982e-42
    3.71185e-42
    2.96948e-42
    2.37559e-42
    1.90047e-42
    1.52037e-42
     1.2163e-42
     9.7304e-43
    7.78432e-43
    6.22745e-43
    4.98196e-43
    3.98557e-43
    3.18846e-43
    2.55077e-43
    2.04061e-43
    1.63249e-43
    1.30599e-43
    1.04479e-43
    8.35835e-44
    6.68668e-44
    5.34934e-44
    4.27947e-44
    3.42358e-44
    2.73886e-44
    2.19109e-44
    1.75287e-44
     1.4023e-44
    1.12184e-44
    8.97471e-45
    7.17977e-45
    5.74381e-45
    4.59505e-45
    3.67604e-45
    2.94083e-45
    2.35267e-45
    1.88213e-45
    1.50571e-45
    1.20456e-45
    9.63652e-46
    7.70921e-46
    6.16737e-46
     4.9339e-46
    3.94712e-46
    3.15769e-46
    2.52616e-46
    2.02092e-46
    1.61674e-46
    1.29339e-46
    1.03471e-46
    8.27771e-47
    6.62216e-47
    5.29773e-47
    4.23819e-47
    3.39055e-47
    2.71244e-47
    2.16995e-47
    1.73596e-47
    1.38877e-47
    1.11101e-47
    8.88812e-48
    7.11049e-48
     5.6884e-48
    4.55072e-48
    3.64057e-48
    2.91246e-48
    2.32997e-48
    1.86397e-48
    1.49118e-48
    1.19294e-48
    9.54354e-49
    7.63484e-49
    6.10787e-49
    4.88629e-49
    3.90904e-49
    3.12723e-49
    2.50178e-49
    2.00143e-49
    1.60114e-49
    1.28091e-49
    1.02473e-49
    8.19784e-50
    6.55827e-50
    5.24662e-50
     4.1973e-50
    3.35784e-50
    2.68627e-50
    2.14902e-50
    1.71921e-50
    1.37537e-50
     1.1003e-50
    8.80237e-51
    7.04189e-51
    5.63351e-51
    4.50681e-51
    3.60545e-51
    2.88436e-51
    2.30749e-51
    1.84599e-51
    1.47679e-51
    1.18143e-51
    9.45147e-52
    7.56117e-52
    6.04894e-52
    4.83915e-52
    3.87132e-52
    3.09706e-52
    2.47765e-52
    1.98212e-52
    1.58569e-52
              0
