     0.00639032
      0.0287857
      0.0412345
      0.0460554
      0.0454786
      0.0427077
       0.036478
      0.0309084
      0.0253641
      0.0216187
      0.0184075
      0.0215869
      0.0271191
      0.0324262
      0.0410508
      0.0385305
      0.0456571
      0.0364467
      0.0328377
      0.0273893
       0.163943
       0.226099
       0.363261
       0.251434
      0.0863705
      0.0207319
      0.0256972
       0.162843
       0.117552
       0.025787
      0.0627293
      0.0820952
       0.108474
      0.0149481
      0.0140488
      0.0773098
        0.10776
       0.108098
       0.014305
      0.0129778
      0.0121126
      0.0103093
      0.0119022
      0.0734972
     0.00972823
      0.0286632
     0.00817605
     0.00749724
      0.0523821
      0.0976089
     0.00815647
     0.00835842
     0.00661013
     0.00632855
     0.00624802
      0.0057359
     0.00499796
     0.00487049
     0.00492327
      0.0257069
     0.00501992
      0.0336699
       0.024635
      0.0179754
       0.017812
     0.00393906
     0.00317574
      0.0173737
     0.00293295
     0.00273201
     0.00299306
      0.0366257
      0.0026595
     0.00898054
     0.00247341
      0.0114868
     0.00224094
      0.0114439
     0.00175395
      0.0216669
      0.0337657
     0.00141643
     0.00458064
     0.00766384
      0.0152682
     0.00787758
      0.0134948
     0.00121029
     0.00107735
        0.01171
      0.0181314
     0.00108866
     0.00738923
        0.01746
    0.000952766
      0.0124292
    0.000890008
    0.000831353
     0.00419041
     0.00211083
    0.000679389
     0.00366719
    0.000577771
    0.000574332
      0.0013746
     0.00248523
    0.000493958
     0.00245801
     0.00051354
     0.00473939
     0.00353369
     0.00699334
     0.00135916
     0.00528269
     0.00170007
     0.00345989
     0.00321867
    0.000283863
    0.000751488
     0.00299043
    0.000263467
    0.000245252
     0.00024855
    0.000883402
    0.000258832
     0.00155525
    0.000823467
     0.00206703
    0.000804608
    0.000164461
    0.000371656
    0.000174663
     0.00019016
     0.00016845
    0.000152869
    0.000146314
    0.000311152
    0.000141957
    0.000406802
    0.000106804
    0.000256948
    0.000120811
    0.000114903
    0.000239857
    0.000116784
    0.000286166
    0.000288904
    7.58815e-05
    0.000268691
    0.000160762
     0.00019122
    8.95254e-05
    0.000258419
    0.000145984
    0.000163538
    0.000266371
    0.000205021
     7.2981e-05
    0.000435586
    6.38573e-05
     0.00025096
    6.19276e-05
    0.000148295
    4.36886e-05
     8.8656e-05
    0.000220105
     3.9713e-05
     0.00013874
    4.03611e-05
    0.000170881
    4.09532e-05
    0.000185324
    0.000111489
    2.21858e-05
    2.19169e-05
    1.95283e-05
    2.65335e-05
    3.35934e-05
    0.000114145
    0.000185203
    2.12385e-05
    2.16904e-05
    0.000445531
    3.76349e-05
    1.77717e-05
    2.25026e-05
    6.10037e-05
    1.50485e-05
    4.22888e-05
    0.000187072
    2.49972e-05
    1.98814e-05
    5.85891e-05
    6.64637e-05
    9.05941e-06
    2.09157e-05
    0.000115779
    7.91654e-06
    6.03034e-06
      7.068e-06
    0.000140738
    1.53092e-05
    0.000116712
    3.53347e-05
     6.3982e-06
    1.50447e-05
    5.76116e-06
    5.32454e-06
    1.35471e-05
    1.73299e-05
    3.50333e-06
    6.61731e-05
    2.10473e-05
    4.78493e-06
    3.84565e-06
    3.75979e-06
    6.48073e-06
    5.42326e-06
    1.01155e-05
    3.16026e-06
    2.78346e-06
    2.39503e-06
    2.36968e-05
    2.50767e-06
    5.31207e-06
    4.00823e-06
    4.51526e-06
     3.7047e-06
    2.26813e-06
    2.07554e-06
    2.53386e-06
     3.9629e-06
     2.0064e-06
    1.55078e-06
     1.5921e-06
    4.55425e-06
    3.71164e-06
    6.48484e-06
    1.59975e-06
    2.84607e-06
    1.24103e-06
    1.11338e-06
    1.19697e-06
    9.50533e-07
      1.063e-06
    8.56404e-07
    1.40872e-05
    5.09566e-06
       8.98e-07
    1.27987e-06
    9.80417e-07
    5.11389e-06
    2.02728e-05
    1.45093e-05
    3.52288e-06
    3.61173e-05
    8.96958e-07
    1.31174e-05
    1.87574e-06
    1.52745e-06
    7.99617e-07
    5.39006e-07
     3.3801e-06
    6.59069e-07
    6.72324e-07
    1.57526e-05
    5.32936e-07
    4.25018e-07
    4.22328e-07
     1.8446e-06
    3.57212e-07
    4.45061e-07
    1.72252e-06
     6.1177e-07
    9.15177e-07
     6.2048e-07
    1.67139e-06
    2.64129e-07
    1.15681e-06
    2.43782e-07
    2.56921e-06
    1.71145e-06
    4.74789e-07
    6.59957e-07
    7.56685e-07
    2.02697e-07
    6.12397e-07
    9.44275e-07
    1.79093e-07
     2.3423e-07
    1.05966e-06
    1.64729e-07
    1.15396e-07
    1.61439e-07
    1.28249e-07
    1.93418e-07
    1.64816e-07
    1.37912e-07
    1.68795e-07
    5.19329e-07
    3.91648e-07
    4.35431e-06
    1.15612e-07
    1.42202e-06
    1.60509e-07
    1.01032e-07
    7.73444e-08
    7.60473e-08
    7.73867e-07
    1.31651e-07
     1.0443e-06
    3.38472e-07
    3.73796e-07
    1.02947e-06
    3.66045e-07
     1.9199e-07
    5.21643e-08
    4.13337e-08
    5.47385e-08
    4.73154e-08
    1.37357e-07
    1.11223e-07
    7.19077e-08
    4.18052e-08
    2.26499e-07
    4.12502e-08
    3.29044e-08
    3.54384e-08
    2.82005e-08
    3.63778e-08
    2.98437e-08
    2.96617e-08
    2.81486e-08
    5.18577e-08
    2.67445e-08
    3.48763e-08
    2.17759e-08
    6.06023e-08
    1.86914e-08
    6.23114e-07
    6.86108e-08
    1.64945e-08
    3.25145e-08
    2.42823e-08
     2.5944e-08
    2.30027e-08
    1.98386e-08
    1.58464e-08
    1.39018e-08
    1.22345e-08
    3.62003e-08
     9.6587e-09
    1.43667e-08
    1.62824e-08
    1.98121e-08
    1.09971e-08
    2.30076e-08
    9.33249e-09
    9.12122e-09
    8.27258e-09
    9.55101e-08
    6.54961e-09
    7.45643e-08
    7.76327e-09
    6.14439e-09
    8.05318e-09
    6.13255e-09
    6.92372e-09
    1.33973e-08
    6.73531e-09
    9.60196e-09
    6.25706e-09
    5.55955e-09
    4.48681e-09
    3.83702e-09
    3.63319e-09
    4.26124e-09
    4.13931e-09
    4.70522e-09
      7.054e-09
    4.15879e-09
    3.90462e-09
    4.55386e-09
    3.49395e-09
    3.62504e-09
    2.73309e-09
    2.13221e-08
    3.14387e-09
     4.1191e-09
    3.24295e-09
    2.60557e-09
     2.9348e-09
    3.24487e-09
    4.30785e-09
    4.38527e-09
    2.17707e-09
    2.29376e-09
    1.63344e-09
    1.54735e-09
    1.43879e-09
    2.22888e-09
    1.24696e-08
    4.35177e-09
     1.8818e-09
    1.65958e-09
    1.49984e-09
    2.53248e-09
    1.45496e-09
    1.38256e-08
    3.79835e-09
    1.32798e-09
     2.1447e-09
     1.4082e-09
     2.2441e-09
    2.73414e-09
    5.55381e-09
    1.07695e-09
    9.21644e-10
    8.73677e-10
    6.95044e-10
      6.582e-10
    5.93462e-10
    5.97436e-10
    7.51329e-10
    6.71193e-10
     3.6158e-09
    7.83062e-10
    7.50493e-10
    6.73719e-10
    2.48215e-09
    1.75591e-09
    4.29288e-10
    3.66191e-10
    6.21251e-09
    5.35989e-10
    3.73739e-10
    8.47419e-09
    4.23644e-10
    1.89846e-09
     4.9241e-10
    4.15325e-10
    4.05974e-10
    3.04359e-09
     2.8954e-10
    2.35761e-10
    2.10774e-10
    2.15193e-10
    3.03582e-10
    2.85905e-10
     3.3199e-10
    2.15331e-09
    3.80754e-10
    2.46995e-10
     2.9917e-10
     1.9384e-10
    1.71037e-10
    1.38216e-10
    2.28544e-10
    1.59911e-10
    2.25099e-10
    2.50139e-10
    3.86271e-10
    1.99169e-10
    2.43736e-10
    1.56349e-10
    1.73264e-10
    1.24566e-10
    1.08951e-10
    8.84585e-11
    1.01384e-10
    9.01621e-11
    1.56544e-10
    1.49287e-10
    1.43974e-10
    1.15203e-10
    1.22538e-10
    9.27204e-11
     9.3437e-11
    7.09719e-11
     6.0844e-11
    1.03762e-10
    1.08666e-10
    6.96246e-11
    1.74689e-10
    8.36237e-11
    1.67641e-10
    7.87177e-11
    1.20609e-10
    6.45187e-11
    6.32118e-11
    4.36066e-11
    3.50668e-11
    3.12105e-11
    3.08186e-11
    4.71586e-11
    5.44321e-11
    5.81586e-11
    5.45018e-11
    4.43808e-11
    4.07961e-11
    3.27188e-11
    2.81032e-11
    2.27184e-11
    1.88569e-11
    1.20126e-10
    3.64998e-11
    4.86623e-11
    5.30512e-11
    3.42185e-11
    6.96644e-11
    4.80969e-11
    6.08678e-11
     3.0879e-11
    2.23148e-11
    1.74674e-11
    1.35371e-11
    1.44769e-11
    1.33483e-11
    2.36819e-11
    1.90413e-11
    2.33578e-11
    1.72283e-11
    1.52214e-11
    1.20225e-11
    9.78625e-12
    7.81067e-12
    6.26693e-12
    5.01114e-12
     1.4401e-11
    7.00725e-12
    2.66946e-11
    1.19984e-11
    1.76234e-11
    1.06984e-11
    8.93818e-12
    6.83099e-12
    5.48118e-12
     4.3534e-12
    3.48335e-12
    2.78331e-12
    3.89816e-12
    5.59487e-12
    6.76797e-12
    6.58225e-12
    6.87573e-12
    5.56147e-12
    4.75732e-12
    3.80319e-12
    3.08309e-12
    2.46535e-12
     1.9772e-12
    1.58157e-12
    6.07023e-12
    6.03622e-12
    4.40632e-12
    4.02233e-12
    3.20524e-12
    2.62142e-12
    2.09634e-12
    1.68254e-12
    1.34572e-12
    1.07706e-12
    8.61569e-13
    1.46219e-12
    1.56029e-12
    2.28152e-12
    2.16093e-12
    2.15857e-12
    1.78327e-12
    1.49547e-12
    1.20333e-12
    9.71793e-13
    7.78244e-13
    6.23736e-13
    4.99082e-13
    2.62096e-12
    1.13178e-12
    2.87683e-12
    1.56191e-12
    1.61367e-12
    1.22615e-12
    1.02063e-12
    8.10023e-13
    6.52031e-13
    5.20838e-13
    4.17071e-13
    3.33554e-13
    6.24272e-13
    6.79993e-13
    7.78767e-13
    6.55443e-13
    5.63467e-13
    4.54806e-13
    3.69088e-13
     2.9574e-13
     2.3725e-13
    1.89854e-13
    1.51964e-13
    1.21577e-13
    9.72715e-14
    7.78179e-14
    6.22555e-14
    4.98045e-14
    3.98437e-14
     3.1875e-14
       2.55e-14
       2.04e-14
      1.632e-14
     1.3056e-14
    1.04448e-14
    8.35584e-15
    6.68467e-15
    5.34774e-15
    4.27819e-15
    3.42255e-15
    2.73804e-15
    2.19043e-15
    1.75235e-15
    1.40188e-15
     1.1215e-15
    8.97202e-16
    7.17761e-16
    5.74209e-16
    4.59367e-16
    3.67494e-16
    2.93995e-16
    2.35196e-16
    1.88157e-16
    1.50525e-16
     1.2042e-16
    9.63363e-17
     7.7069e-17
    6.16552e-17
    4.93242e-17
    3.94594e-17
    3.15675e-17
     2.5254e-17
    2.02032e-17
    1.61626e-17
      1.293e-17
     1.0344e-17
    8.27523e-18
    6.62018e-18
    5.29614e-18
    4.23692e-18
    3.38953e-18
    2.71163e-18
     2.1693e-18
    1.73544e-18
    1.38835e-18
    1.11068e-18
    8.88546e-19
    7.10836e-19
    5.68669e-19
    4.54935e-19
    3.63948e-19
    2.91159e-19
    2.32927e-19
    1.86342e-19
    1.49073e-19
    1.19259e-19
    9.54068e-20
    7.63255e-20
    6.10604e-20
    4.88483e-20
    3.90786e-20
    3.12629e-20
    2.50103e-20
    2.00083e-20
    1.60066e-20
    1.28053e-20
    1.02442e-20
    8.19539e-21
    6.55631e-21
    5.24505e-21
    4.19604e-21
    3.35683e-21
    2.68546e-21
    2.14837e-21
     1.7187e-21
    1.37496e-21
    1.09997e-21
    8.79973e-22
    7.03978e-22
    5.63183e-22
    4.50546e-22
    3.60437e-22
    2.88349e-22
     2.3068e-22
    1.84544e-22
    1.47635e-22
    1.18108e-22
    9.44864e-23
    7.55891e-23
    6.04713e-23
     4.8377e-23
    3.87016e-23
    3.09613e-23
     2.4769e-23
    1.98152e-23
    1.58522e-23
    1.26817e-23
    1.01454e-23
    8.11632e-24
    6.49305e-24
    5.19444e-24
    4.15555e-24
    3.32444e-24
    2.65955e-24
    2.12764e-24
    1.70211e-24
    1.36169e-24
    1.08935e-24
    8.71483e-25
    6.97186e-25
    5.57749e-25
    4.46199e-25
    3.56959e-25
    2.85567e-25
    2.28454e-25
    1.82763e-25
    1.46211e-25
    1.16968e-25
    9.35747e-26
    7.48598e-26
    5.98878e-26
    4.79103e-26
    3.83282e-26
    3.06626e-26
    2.45301e-26
     1.9624e-26
    1.56992e-26
    1.25594e-26
    1.00475e-26
    8.03801e-27
    6.43041e-27
    5.14433e-27
    4.11546e-27
    3.29237e-27
    2.63389e-27
    2.10712e-27
    1.68569e-27
    1.34855e-27
    1.07884e-27
    8.63075e-28
     6.9046e-28
    5.52368e-28
    4.41894e-28
    3.53515e-28
    2.82812e-28
     2.2625e-28
       1.81e-28
      1.448e-28
     1.1584e-28
    9.26719e-29
    7.41375e-29
      5.931e-29
     4.7448e-29
    3.79584e-29
    3.03667e-29
    2.42934e-29
    1.94347e-29
    1.55478e-29
    1.24382e-29
    9.95057e-30
    7.96046e-30
    6.36837e-30
    5.09469e-30
    4.07575e-30
     3.2606e-30
    2.60848e-30
    2.08679e-30
    1.66943e-30
    1.33554e-30
    1.06843e-30
    8.54748e-31
    6.83798e-31
    5.47038e-31
    4.37631e-31
    3.50105e-31
    2.80084e-31
    2.24067e-31
    1.79254e-31
    1.43403e-31
    1.14722e-31
    9.17778e-32
    7.34223e-32
    5.87378e-32
    4.69902e-32
    3.75922e-32
    3.00738e-32
     2.4059e-32
    1.92472e-32
    1.53978e-32
    1.23182e-32
    9.85457e-33
    7.88365e-33
    6.30692e-33
    5.04554e-33
    4.03643e-33
    3.22914e-33
    2.58332e-33
    2.06665e-33
    1.65332e-33
    1.32266e-33
    1.05813e-33
    8.46501e-34
    6.77201e-34
    5.41761e-34
    4.33408e-34
    3.46727e-34
    2.77381e-34
    2.21905e-34
    1.77524e-34
    1.42019e-34
    1.13615e-34
    9.08923e-35
    7.27139e-35
    5.81711e-35
    4.65369e-35
    3.72295e-35
    2.97836e-35
    2.38269e-35
    1.90615e-35
    1.52492e-35
    1.21994e-35
    9.75949e-36
    7.80759e-36
    6.24607e-36
    4.99686e-36
    3.99749e-36
    3.19799e-36
    2.55839e-36
    2.04671e-36
    1.63737e-36
     1.3099e-36
    1.04792e-36
    8.38334e-37
    6.70667e-37
    5.36534e-37
    4.29227e-37
    3.43382e-37
    2.74705e-37
    2.19764e-37
    1.75811e-37
    1.40649e-37
    1.12519e-37
    9.00154e-38
    7.20123e-38
    5.76099e-38
    4.60879e-38
    3.68703e-38
    2.94962e-38
     2.3597e-38
    1.88776e-38
    1.51021e-38
    1.20817e-38
    9.66533e-39
    7.73226e-39
    6.18581e-39
    4.94865e-39
    3.95892e-39
    3.16714e-39
    2.53371e-39
    2.02697e-39
    1.62157e-39
    1.29726e-39
    1.03781e-39
    8.30245e-40
    6.64196e-40
    5.31357e-40
    4.25086e-40
    3.40069e-40
    2.72055e-40
    2.17644e-40
    1.74115e-40
    1.39292e-40
    1.11434e-40
    8.91469e-41
    7.13175e-41
     5.7054e-41
    4.56432e-41
    3.65146e-41
    2.92117e-41
    2.33693e-41
    1.86955e-41
    1.49564e-41
    1.19651e-41
    9.57208e-42
    7.65766e-42
    6.12613e-42
     4.9009e-42
    3.92072e-42
    3.13658e-42
    2.50926e-42
    2.00741e-42
    1.60593e-42
    1.28474e-42
    1.02779e-42
    8.22235e-43
    6.57788e-43
    5.26231e-43
    4.20984e-43
    3.36788e-43
     2.6943e-43
    2.15544e-43
    1.72435e-43
    1.37948e-43
    1.10359e-43
    8.82868e-44
    7.06295e-44
    5.65036e-44
    4.52029e-44
    3.61623e-44
    2.89298e-44
    2.31439e-44
    1.85151e-44
    1.48121e-44
    1.18497e-44
    9.47973e-45
    7.58378e-45
    6.06702e-45
    4.85362e-45
     3.8829e-45
    3.10632e-45
    2.48505e-45
    1.98804e-45
    1.59043e-45
    1.27235e-45
    1.01788e-45
    8.14302e-46
    6.51442e-46
    5.21153e-46
    4.16923e-46
    3.33538e-46
    2.66831e-46
    2.13464e-46
    1.70772e-46
    1.36617e-46
    1.09294e-46
     8.7435e-47
     6.9948e-47
    5.59584e-47
    4.47667e-47
    3.58134e-47
    2.86507e-47
    2.29206e-47
    1.83365e-47
    1.46692e-47
    1.17353e-47
    9.38826e-48
    7.51061e-48
    6.00849e-48
    4.80679e-48
    3.84543e-48
    3.07635e-48
    2.46108e-48
    1.96886e-48
    1.57509e-48
    1.26007e-48
    1.00806e-48
    8.06446e-49
    6.45157e-49
    5.16125e-49
      4.129e-49
     3.3032e-49
    2.64256e-49
    2.11405e-49
    1.69124e-49
    1.35299e-49
    1.08239e-49
    8.65915e-50
    6.92732e-50
    5.54185e-50
    4.43348e-50
    3.54679e-50
    2.83743e-50
    2.26994e-50
    1.81595e-50
    1.45276e-50
    1.16221e-50
    9.29769e-51
    7.43815e-51
    5.95052e-51
    4.76042e-51
    3.80833e-51
    3.04667e-51
    2.43733e-51
    1.94987e-51
    1.55989e-51
    1.24791e-51
    9.98331e-52
    7.98665e-52
    6.38932e-52
    5.11146e-52
    4.08917e-52
    3.27133e-52
    2.61707e-52
    2.09365e-52
              0
