     0.00694132
      0.0290867
      0.0331365
      0.0285171
      0.0267315
      0.0225299
      0.0183762
      0.0151867
      0.0123732
      0.0102532
       0.008923
      0.0123539
        0.01568
      0.0180321
      0.0210587
      0.0178468
      0.0204378
      0.0168261
       0.385968
       0.421369
      0.0130501
       0.106046
       0.308054
       0.010234
      0.0120912
       0.149435
      0.0117942
      0.0101782
      0.0100932
     0.00990905
     0.00919061
     0.00851763
     0.00754353
       0.101238
       0.101176
       0.164763
      0.0514872
     0.00713564
       0.144474
       0.100271
     0.00626817
     0.00507721
       0.163417
      0.0635857
       0.111957
      0.0335091
      0.0676828
     0.00378395
      0.0678114
     0.00370347
      0.0608912
      0.0331435
      0.0034059
     0.00318287
     0.00331942
     0.00278003
      0.0459186
      0.0160414
      0.0223688
      0.0225461
      0.0318707
      0.0594705
     0.00215256
     0.00204802
      0.0155939
      0.0543357
     0.00155809
       0.021649
      0.0199898
     0.00772838
       0.017065
     0.00137558
      0.0149922
     0.00123579
     0.00123746
      0.0104176
      0.0210566
      0.0010037
    0.000875078
     0.00080615
     0.00999992
    0.000722267
    0.000736667
    0.000775224
    0.000731882
    0.000706189
     0.00060762
    0.000608647
    0.000592902
     0.00979337
      0.0131632
     0.00245353
    0.000453913
     0.00042513
       0.002409
    0.000419223
     0.00241723
      0.0003897
    0.000401046
     0.00526546
    0.000322166
     0.00122933
     0.00027297
    0.000273589
     0.00653105
     0.00658165
    0.000267494
    0.000246112
    0.000248555
    0.000216547
     0.00607349
    0.000207095
     0.00219164
      0.0015438
    0.000193857
    0.000165097
    0.000160146
    0.000144807
     0.00305454
    0.000136483
     0.00347523
    0.000131608
    0.000127181
    0.000743646
     0.00116679
    0.000101042
    0.000298652
     0.00143912
     0.00114448
     0.00142751
    9.64187e-05
    8.51791e-05
    8.46401e-05
    7.45843e-05
    0.000988271
    6.73046e-05
    6.35719e-05
    6.20601e-05
    0.000480421
    0.000481895
    0.000477205
    0.000249292
    5.22064e-05
    0.000474987
    4.55321e-05
    0.000527602
    4.01121e-05
    3.65002e-05
     0.00045773
    0.000320779
    0.000314899
    2.95085e-05
     3.0902e-05
    0.000256428
    0.000497063
    0.000319056
    3.31477e-05
    2.83535e-05
    2.58116e-05
    2.51459e-05
     2.1827e-05
    2.37154e-05
    2.08688e-05
    0.000307153
    8.08046e-05
    8.20117e-05
    0.000180735
    1.93022e-05
    4.48417e-05
    0.000105946
     0.00020938
     1.3132e-05
    1.24646e-05
    1.02163e-05
    0.000298266
    9.95901e-05
    9.47745e-06
    1.15109e-05
    9.52356e-06
    0.000207516
    8.50576e-05
    9.42805e-06
     9.2256e-06
    0.000141618
    7.28136e-06
      6.359e-06
    5.93967e-06
    5.94447e-06
    6.00353e-06
    8.73473e-05
    5.90486e-06
    5.67466e-06
    5.50135e-06
    6.65931e-05
     2.4088e-05
    3.27893e-05
    3.57842e-06
    3.66312e-06
     3.1309e-06
    3.67803e-06
    3.11238e-06
     1.6852e-05
    1.59436e-05
    7.81772e-05
    2.94541e-05
    2.99149e-06
    2.52067e-06
    2.38116e-06
     1.1027e-05
    1.09626e-05
    4.66617e-06
     1.5044e-05
    2.13085e-05
    1.85699e-06
    1.79076e-06
    1.78511e-06
     1.7286e-06
    1.58721e-06
     1.6958e-06
    1.52295e-06
    1.32967e-06
    1.23206e-06
    1.19222e-06
    7.33521e-06
    1.15767e-06
    7.58304e-06
    5.32464e-06
    5.44299e-06
    3.37246e-05
    1.07837e-06
    2.99072e-06
    9.51501e-07
    5.01854e-06
    7.41454e-07
    8.05446e-07
     2.0503e-06
     7.8892e-07
    1.81203e-05
    7.19777e-07
    7.38816e-06
    6.10832e-07
    6.02853e-07
    5.65908e-07
    4.86134e-07
    1.09446e-06
    4.23072e-07
    2.85816e-06
    1.72251e-06
    4.87618e-07
    3.08628e-06
    4.13646e-07
    8.08095e-07
    3.61145e-07
    5.09561e-06
    2.97031e-06
    2.98709e-07
    2.70533e-07
    3.47479e-06
    3.46903e-06
    6.38388e-06
    2.51025e-07
    1.56701e-06
    2.44385e-06
    1.69085e-06
    2.45302e-07
    1.10894e-06
    2.09243e-07
     4.7289e-07
     1.9508e-07
    3.14472e-07
    4.64252e-07
    1.76691e-07
    2.00755e-07
    5.89202e-07
    3.60162e-07
    1.42693e-07
     1.3735e-07
    6.63511e-07
    1.12564e-06
    1.09559e-07
    3.61665e-06
    1.01333e-07
    5.02027e-07
    1.08047e-07
    1.47766e-07
    1.62061e-07
    2.90715e-07
    2.74599e-07
    7.90283e-08
    7.50611e-08
    9.56949e-08
    6.08069e-08
    3.34193e-07
    6.50093e-08
    7.02219e-08
    1.21488e-07
    3.52762e-07
    5.90443e-08
    6.21437e-08
    2.39032e-07
    4.64131e-08
    1.96244e-06
     4.0224e-08
    9.27583e-07
    3.15408e-08
    4.16887e-08
    5.39257e-07
    4.10556e-08
    9.52682e-07
     3.9097e-08
    6.43516e-08
    7.18791e-07
    5.46015e-08
    1.14356e-07
    2.23779e-08
    3.41026e-07
    2.61246e-08
    2.43973e-07
    5.25516e-07
    1.33173e-06
     7.0395e-08
    2.55821e-08
    2.51218e-08
    3.28819e-08
    9.94098e-07
    6.84901e-08
    1.67808e-08
    2.84362e-08
    3.36308e-07
    1.56957e-08
    1.63786e-08
    1.54222e-08
    2.95409e-07
    1.62102e-07
    3.24693e-08
    1.23192e-08
     1.0583e-08
    1.11486e-08
     9.7601e-09
    8.75009e-09
    5.11265e-08
    1.11032e-08
    1.26154e-08
    1.09085e-08
    1.13595e-08
    1.02428e-08
    9.60526e-09
    7.65063e-09
    7.28573e-09
    4.16751e-07
    5.60753e-09
    2.40001e-08
    5.08242e-08
    6.56061e-09
    2.10813e-08
    5.92598e-09
    9.90236e-09
    3.37815e-08
    9.29667e-08
    8.34709e-09
    3.95172e-09
    4.57013e-09
    4.84279e-09
    2.68029e-08
    1.93955e-07
    1.69022e-08
    3.83995e-09
     3.4325e-09
    9.18262e-08
    1.18804e-08
    1.34176e-07
    1.15932e-08
    2.59942e-09
    1.76737e-08
    6.10641e-09
    3.17021e-08
    2.36947e-09
    2.48753e-09
    7.73194e-09
    5.16207e-09
    2.52168e-09
    2.02835e-09
    2.08932e-09
    1.49166e-07
     7.4438e-09
    1.33296e-09
    1.92452e-07
    1.53572e-09
    4.43858e-09
    1.61397e-09
    1.85411e-09
    1.52445e-08
    1.56792e-09
    7.18024e-09
    1.18279e-09
    9.72786e-10
    2.78136e-09
    2.03528e-09
    9.53189e-09
    2.25198e-08
    1.47735e-08
    1.06419e-09
    1.05215e-09
    2.71216e-09
    8.89322e-10
    7.66606e-10
    6.31549e-10
     2.4469e-09
    5.06495e-10
    4.51553e-10
    6.39563e-10
    4.70593e-10
    2.84517e-08
     6.0364e-08
    5.96791e-10
    5.27074e-10
    5.53748e-10
    5.24052e-10
    4.09719e-08
    3.25332e-10
    2.77752e-10
     2.6031e-10
    3.72179e-10
    3.64271e-10
    4.15871e-10
    4.01511e-10
    3.88241e-10
    3.54704e-10
     3.1361e-10
    2.82861e-10
     2.3107e-10
    2.11551e-10
    1.77222e-10
    2.02046e-09
     2.5423e-10
    2.86245e-10
    2.79697e-10
    2.87074e-10
    2.42376e-10
    2.63805e-10
    2.01254e-10
    2.08885e-10
     1.5532e-10
    1.38101e-10
    1.12212e-10
    1.06075e-10
     1.5855e-10
    1.92545e-10
    1.68928e-10
    1.71376e-10
    2.01265e-09
    1.49071e-10
    1.18779e-10
    1.11183e-10
    9.14558e-11
     8.2566e-11
    6.90477e-11
    1.12183e-10
    8.40831e-11
    1.54439e-10
    2.82743e-09
    1.99946e-09
    8.77705e-11
    1.08801e-10
    7.33647e-11
    8.46422e-11
    6.13588e-11
    5.22573e-11
    4.22233e-11
    6.67098e-11
    5.74645e-11
    8.69221e-11
    8.15685e-11
    7.48408e-11
    5.72579e-11
    5.71988e-11
    4.46782e-11
    4.28938e-11
    3.42423e-11
    2.93665e-11
    3.12706e-11
    4.70213e-11
    5.15723e-11
    5.38771e-11
    5.19422e-11
    4.31375e-11
     3.3665e-11
    4.01341e-11
    2.89182e-11
    2.59448e-11
    1.96218e-11
    1.59292e-11
    1.32696e-11
    2.24789e-11
    2.56683e-11
    3.46541e-11
    3.26577e-11
    2.87761e-11
     2.2843e-11
    2.08517e-11
    1.63229e-11
    1.38321e-11
    1.09844e-11
     9.2368e-12
    2.04877e-11
     1.3653e-11
    2.69161e-11
    1.77826e-11
    2.01834e-11
    1.59237e-11
    1.30097e-11
    1.16636e-11
    1.41704e-11
    9.86435e-12
    8.16046e-12
    6.35051e-12
    1.06162e-11
    8.17111e-12
    1.40548e-11
    1.19102e-11
    1.17712e-11
     8.9172e-12
    7.31438e-12
    5.75142e-12
    4.62593e-12
    3.68726e-12
      2.953e-12
    2.36071e-12
    6.79384e-12
    4.38742e-12
    1.02692e-11
    7.30289e-12
    6.50519e-12
    4.96161e-12
    4.03812e-12
    3.19512e-12
    2.56424e-12
    2.04698e-12
    1.63855e-12
    1.31031e-12
    3.59751e-12
    3.68842e-12
    5.06219e-12
     4.1731e-12
    3.74044e-12
    2.81208e-12
    2.29836e-12
    1.81548e-12
    1.45834e-12
    1.16387e-12
    9.31809e-13
    7.45114e-13
    2.86419e-12
    3.34923e-12
    2.46846e-12
    1.98779e-12
    1.55601e-12
    1.24488e-12
     9.9172e-13
    7.93259e-13
    6.34112e-13
    5.07266e-13
    4.05754e-13
    1.50333e-12
    1.13797e-12
    1.78412e-12
    1.35614e-12
    1.14252e-12
    8.91957e-13
    7.20384e-13
    5.73439e-13
    4.59579e-13
    3.67319e-13
    2.93956e-13
    2.35124e-13
    1.23684e-12
    7.65511e-13
     1.3803e-12
    9.20739e-13
    7.79225e-13
     5.9852e-13
    4.83023e-13
    3.83528e-13
    3.07243e-13
    2.45461e-13
    1.96413e-13
    1.57091e-13
    6.70722e-13
    5.06661e-13
    4.38718e-13
    3.38412e-13
    2.74664e-13
    2.18073e-13
    1.74936e-13
     1.3975e-13
    1.11858e-13
    8.94628e-14
    7.15772e-14
    5.72591e-14
    4.58081e-14
    3.66462e-14
     2.9317e-14
    2.34536e-14
    1.87629e-14
    1.50103e-14
    1.20082e-14
    9.60659e-15
    7.68527e-15
    6.14822e-15
    4.91857e-15
    3.93486e-15
    3.14789e-15
    2.51831e-15
    2.01465e-15
    1.61172e-15
    1.28937e-15
     1.0315e-15
      8.252e-16
     6.6016e-16
    5.28128e-16
    4.22502e-16
    3.38002e-16
    2.70401e-16
    2.16321e-16
    1.73057e-16
    1.38446e-16
    1.10756e-16
    8.86052e-17
    7.08841e-17
    5.67073e-17
    4.53658e-17
    3.62927e-17
    2.90341e-17
    2.32273e-17
    1.85818e-17
    1.48655e-17
    1.18924e-17
    9.51391e-18
    7.61113e-18
     6.0889e-18
    4.87112e-18
     3.8969e-18
    3.11752e-18
    2.49401e-18
    1.99521e-18
    1.59617e-18
    1.27693e-18
    1.02155e-18
    8.17238e-19
    6.53791e-19
    5.23033e-19
    4.18426e-19
    3.34741e-19
    2.67793e-19
    2.14234e-19
    1.71387e-19
     1.3711e-19
    1.09688e-19
    8.77503e-20
    7.02002e-20
    5.61602e-20
    4.49281e-20
    3.59425e-20
     2.8754e-20
    2.30032e-20
    1.84026e-20
    1.47221e-20
    1.17776e-20
    9.42212e-21
    7.53769e-21
    6.03015e-21
    4.82412e-21
     3.8593e-21
    3.08744e-21
    2.46995e-21
    1.97596e-21
    1.58077e-21
    1.26461e-21
    1.01169e-21
    8.09354e-22
    6.47483e-22
    5.17986e-22
    4.14389e-22
    3.31511e-22
    2.65209e-22
    2.12167e-22
    1.69734e-22
    1.35787e-22
     1.0863e-22
    8.69037e-23
    6.95229e-23
    5.56183e-23
    4.44947e-23
    3.55957e-23
    2.84766e-23
    2.27813e-23
     1.8225e-23
      1.458e-23
     1.1664e-23
    9.33121e-24
    7.46497e-24
    5.97197e-24
    4.77758e-24
    3.82206e-24
    3.05765e-24
    2.44612e-24
     1.9569e-24
    1.56552e-24
    1.25241e-24
    1.00193e-24
    8.01545e-25
    6.41236e-25
    5.12989e-25
    4.10391e-25
    3.28313e-25
     2.6265e-25
     2.1012e-25
    1.68096e-25
    1.34477e-25
    1.07582e-25
    8.60652e-26
    6.88522e-26
    5.50817e-26
    4.40654e-26
    3.52523e-26
    2.82018e-26
    2.25615e-26
    1.80492e-26
    1.44393e-26
    1.15515e-26
    9.24118e-27
    7.39295e-27
    5.91436e-27
    4.73149e-27
    3.78519e-27
    3.02815e-27
    2.42252e-27
    1.93802e-27
    1.55041e-27
    1.24033e-27
    9.92264e-28
    7.93811e-28
    6.35049e-28
    5.08039e-28
    4.06431e-28
    3.25145e-28
    2.60116e-28
    2.08093e-28
    1.66474e-28
    1.33179e-28
    1.06544e-28
    8.52349e-29
    6.81879e-29
    5.45503e-29
    4.36402e-29
    3.49122e-29
    2.79298e-29
    2.23438e-29
     1.7875e-29
       1.43e-29
      1.144e-29
    9.15202e-30
    7.32162e-30
    5.85729e-30
    4.68584e-30
    3.74867e-30
    2.99893e-30
    2.39915e-30
    1.91932e-30
    1.53545e-30
    1.22836e-30
    9.82691e-31
    7.86153e-31
    6.28922e-31
    5.03138e-31
     4.0251e-31
    3.22008e-31
    2.57607e-31
    2.06085e-31
    1.64868e-31
    1.31895e-31
    1.05516e-31
    8.44125e-32
      6.753e-32
     5.4024e-32
    4.32192e-32
    3.45754e-32
    2.76603e-32
    2.21282e-32
    1.77026e-32
    1.41621e-32
    1.13297e-32
    9.06372e-33
    7.25098e-33
    5.80078e-33
    4.64063e-33
     3.7125e-33
       2.97e-33
      2.376e-33
     1.9008e-33
    1.52064e-33
    1.21651e-33
     9.7321e-34
    7.78568e-34
    6.22854e-34
    4.98283e-34
    3.98627e-34
    3.18901e-34
    2.55121e-34
    2.04097e-34
    1.63278e-34
    1.30622e-34
    1.04498e-34
    8.35981e-35
    6.68785e-35
    5.35028e-35
    4.28022e-35
    3.42418e-35
    2.73934e-35
    2.19147e-35
    1.75318e-35
    1.40254e-35
    1.12203e-35
    8.97628e-36
    7.18102e-36
    5.74482e-36
    4.59585e-36
    3.67668e-36
    2.94135e-36
    2.35308e-36
    1.88246e-36
    1.50597e-36
    1.20478e-36
     9.6382e-37
    7.71056e-37
    6.16845e-37
    4.93476e-37
    3.94781e-37
    3.15825e-37
     2.5266e-37
    2.02128e-37
    1.61702e-37
    1.29362e-37
    1.03489e-37
    8.27915e-38
    6.62332e-38
    5.29866e-38
    4.23893e-38
    3.39114e-38
    2.71291e-38
    2.17033e-38
    1.73626e-38
    1.38901e-38
    1.11121e-38
    8.88967e-39
    7.11174e-39
    5.68939e-39
    4.55151e-39
    3.64121e-39
    2.91297e-39
    2.33037e-39
     1.8643e-39
    1.49144e-39
    1.19315e-39
    9.54521e-40
    7.63617e-40
    6.10894e-40
    4.88715e-40
    3.90972e-40
    3.12777e-40
    2.50222e-40
    2.00178e-40
    1.60142e-40
    1.28114e-40
    1.02491e-40
    8.19927e-41
    6.55942e-41
    5.24754e-41
    4.19803e-41
    3.35842e-41
    2.68674e-41
    2.14939e-41
    1.71951e-41
    1.37561e-41
    1.10049e-41
     8.8039e-42
    7.04312e-42
     5.6345e-42
     4.5076e-42
    3.60608e-42
    2.88486e-42
    2.30789e-42
    1.84631e-42
    1.47705e-42
    1.18164e-42
    9.45312e-43
    7.56249e-43
       6.05e-43
       4.84e-43
      3.872e-43
     3.0976e-43
    2.47808e-43
    1.98246e-43
    1.58597e-43
    1.26878e-43
    1.01502e-43
    8.12017e-44
    6.49613e-44
    5.19691e-44
    4.15753e-44
    3.32602e-44
    2.66082e-44
    2.12865e-44
    1.70292e-44
    1.36234e-44
    1.08987e-44
    8.71896e-45
    6.97517e-45
    5.58014e-45
    4.46411e-45
    3.57129e-45
    2.85703e-45
    2.28562e-45
     1.8285e-45
     1.4628e-45
    1.17024e-45
    9.36191e-46
    7.48953e-46
    5.99162e-46
     4.7933e-46
    3.83464e-46
    3.06771e-46
    2.45417e-46
    1.96334e-46
    1.57067e-46
    1.25653e-46
    1.00523e-46
    8.04182e-47
    6.43346e-47
    5.14677e-47
    4.11741e-47
    3.29393e-47
    2.63514e-47
    2.10812e-47
    1.68649e-47
    1.34919e-47
    1.07936e-47
    8.63484e-48
    6.90787e-48
     5.5263e-48
    4.42104e-48
    3.53683e-48
    2.82946e-48
    2.26357e-48
    1.81086e-48
    1.44869e-48
    1.15895e-48
    9.27159e-49
    7.41727e-49
    5.93382e-49
    4.74705e-49
    3.79764e-49
    3.03811e-49
    2.43049e-49
    1.94439e-49
    1.55551e-49
    1.24441e-49
    9.95529e-50
    7.96423e-50
    6.37139e-50
    5.09711e-50
    4.07769e-50
    3.26215e-50
    2.60972e-50
    2.08778e-50
    1.67022e-50
    1.33618e-50
    1.06894e-50
    8.55153e-51
    6.84122e-51
    5.47298e-51
    4.37838e-51
    3.50271e-51
    2.80217e-51
    2.24173e-51
    1.79339e-51
    1.43471e-51
    1.14777e-51
    9.18214e-52
    7.34571e-52
    5.87657e-52
    4.70125e-52
      3.761e-52
     3.0088e-52
    2.40704e-52
    1.92563e-52
    1.54051e-52
    1.23241e-52
    9.85924e-53
              0
