     0.00595117
      0.0277185
      0.0407807
      0.0411202
      0.0384476
      0.0349707
      0.0296959
      0.0244171
      0.0200642
      0.0168625
       0.014552
      0.0183042
      0.0234356
      0.0254733
      0.0384529
      0.0294864
      0.0449129
      0.0297936
      0.0259109
      0.0231979
      0.0218488
        0.22237
       0.158478
       0.153697
       0.347904
      0.0801178
      0.0188264
       0.155104
      0.0160348
      0.0811625
        0.10878
      0.0132565
       0.075521
       0.164584
       0.105657
       0.134583
       0.105064
      0.0121246
      0.0121334
      0.0104776
       0.011039
      0.0375094
     0.00991588
      0.0505959
      0.0509684
     0.00650904
     0.00670305
      0.0058032
      0.0497507
      0.0792846
      0.0690107
     0.00615694
       0.034917
      0.0547305
     0.00560008
      0.0877464
     0.00397649
       0.024715
     0.00366934
      0.0338197
      0.0174823
      0.0327176
      0.0372621
       0.026623
      0.0304279
     0.00344198
     0.00243533
      0.0120356
     0.00215084
     0.00224717
     0.00245024
      0.0115834
     0.00207161
     0.00192197
     0.00217355
     0.00177617
     0.00801126
     0.00170172
      0.0462441
      0.0105633
     0.00753243
     0.00111789
     0.00125012
     0.00106077
      0.0148054
     0.00744004
     0.00734265
    0.000944632
    0.000922572
    0.000778302
    0.000819684
    0.000842436
    0.000751733
      0.0100737
    0.000692277
    0.000702609
    0.000715293
    0.000648067
      0.0026927
     0.00486921
    0.000515144
     0.00186133
    0.000462016
     0.00177022
    0.000366692
    0.000447034
    0.000405275
     0.00172955
    0.000418196
     0.00168851
    0.000473863
    0.000318319
    0.000959867
    0.000302237
     0.00028399
    0.000255205
    0.000244058
    0.000223832
     0.00117189
    0.000236615
     0.00175596
    0.000196892
    0.000196924
    0.000187559
    0.000626035
     0.00939927
     0.00507715
     0.00106734
    0.000134661
     0.00149078
     0.00444706
    0.000756942
     0.00306406
    0.000119475
     0.00011619
    0.000111038
    9.38443e-05
    0.000528627
    0.000378671
     9.2629e-05
     0.00143898
    0.000285449
    0.000279504
    0.000657234
    0.000210581
    0.000985241
    0.000125853
    5.73052e-05
     0.00097589
    0.000767219
    4.48571e-05
    0.000191508
    0.000866721
    0.000254924
     0.00098002
     0.00063012
     0.00139234
    5.02681e-05
     0.00093515
    0.000670347
     0.00029889
    0.000469116
     7.7948e-05
    0.000320988
    3.36432e-05
    0.000118053
    0.000119793
    9.60876e-05
    8.77808e-05
    0.000118597
    2.76083e-05
    5.41774e-05
    2.29406e-05
    0.000150574
    1.69545e-05
    3.42635e-05
    8.00861e-05
    0.000128335
    4.45639e-05
    0.000103865
    4.80602e-05
    0.000170762
    7.78738e-05
    1.51202e-05
    1.27384e-05
     2.9516e-05
    9.47296e-06
    1.00214e-05
    1.21799e-05
     2.9062e-05
    7.17449e-05
     8.5241e-06
    9.12654e-06
    7.34486e-06
     1.6256e-05
      6.234e-06
    5.68241e-06
    5.56902e-06
    2.42298e-05
     3.4225e-05
    5.34399e-06
    8.47406e-06
    3.91677e-05
    6.54784e-06
    3.00004e-05
    3.39566e-05
    4.23372e-06
    4.36202e-06
     3.1969e-05
    2.25804e-05
    2.75501e-06
    4.36969e-06
    2.86011e-06
    3.14194e-06
    2.23807e-05
    6.94247e-06
    3.44604e-06
     2.6002e-06
    3.04878e-06
    1.13186e-05
    2.16785e-05
    8.91517e-05
    1.89153e-06
    5.71317e-05
    1.92302e-06
    5.34806e-06
    1.88406e-06
    4.45341e-05
    1.64985e-06
    1.65979e-06
    4.38524e-05
    2.01893e-06
    2.06619e-06
    1.23112e-06
    1.42879e-06
    3.25742e-05
    4.27976e-06
    1.25531e-06
     1.1979e-06
    1.13105e-05
    6.42137e-06
    2.03161e-05
    2.54986e-05
    1.35685e-06
    8.32798e-07
    6.72189e-07
     3.5372e-06
    7.26201e-07
    3.53958e-06
     1.7414e-06
    6.82151e-07
    1.77122e-06
    5.84503e-07
    5.50778e-07
    5.80545e-07
     3.2831e-06
    8.76489e-07
    3.81899e-07
     3.9962e-07
    4.56538e-07
     4.3102e-07
    9.33486e-06
    4.26078e-07
    5.09261e-07
    4.56388e-07
    3.72328e-07
    3.55907e-07
    1.21515e-06
    1.74714e-06
    1.63716e-06
    5.29742e-06
    2.22749e-06
    9.24472e-07
    8.13775e-07
    3.92314e-07
    6.58518e-07
     5.8758e-07
    5.99489e-07
    1.95947e-07
    1.29844e-06
    2.23702e-07
    2.46197e-07
    1.52489e-07
    1.74355e-07
    1.70333e-07
    8.67324e-07
    1.46167e-06
    1.39304e-07
     2.1825e-07
    5.48033e-07
     1.2486e-07
     1.4237e-07
    3.67949e-07
    2.61471e-07
    1.00178e-07
      3.416e-07
    4.51883e-07
    1.23004e-07
    1.32697e-07
    2.69218e-07
    3.77034e-07
    1.10264e-07
     1.5922e-07
     1.2622e-07
    2.43913e-07
    7.09759e-08
    6.09636e-08
    1.22203e-07
    2.59554e-07
    5.87658e-08
    5.63057e-08
    4.78288e-08
     4.4266e-08
    4.15353e-08
    3.68511e-08
    3.41579e-08
    4.21261e-08
    6.37493e-07
    4.70698e-08
    6.98394e-08
          6e-08
    3.83969e-08
    4.36557e-08
    1.69557e-07
    2.91228e-08
    2.62457e-08
    2.55981e-08
    2.65379e-08
    2.21939e-08
    3.48822e-08
    2.41045e-08
    2.36115e-08
    2.32252e-08
    2.76536e-08
    2.02981e-08
     2.0583e-08
    1.66828e-08
    3.45823e-08
    2.07069e-08
    1.37148e-08
    2.37111e-08
    1.36978e-08
    1.82378e-08
    1.77648e-08
    2.35313e-08
    1.36242e-08
    1.84891e-08
    1.18059e-08
    1.13251e-08
    9.76956e-09
    8.36269e-09
    7.47178e-09
    4.31991e-07
      9.035e-09
    9.61077e-09
    1.91785e-08
    8.34446e-09
    1.81852e-08
    3.91709e-08
    6.66725e-09
    6.14782e-09
    9.30121e-09
     4.8635e-09
     9.1523e-09
    4.93761e-09
    6.87995e-09
    4.93393e-09
    5.74121e-09
    8.48992e-09
    1.01223e-08
     1.5258e-08
    4.88586e-09
    8.06688e-09
    3.49033e-09
    3.08319e-09
    2.97329e-09
    3.47844e-09
    3.51152e-09
    3.85882e-09
     3.7318e-09
    3.37344e-09
    3.17357e-09
    3.89319e-09
    2.63839e-09
     2.8406e-09
    2.09103e-09
     2.0327e-09
    2.63534e-09
    1.84913e-09
    2.83283e-09
    2.09233e-08
    2.50252e-09
    2.60348e-09
    1.87494e-09
    2.12477e-09
    1.58264e-09
    1.56037e-09
    1.27593e-09
    1.17589e-09
    1.20425e-09
    1.83224e-09
     1.6284e-09
    2.00746e-09
    1.44762e-09
    1.32159e-09
    1.16906e-09
    1.02254e-09
    1.09308e-09
     9.4665e-09
    8.64626e-10
    5.09026e-09
    7.03679e-10
    1.19276e-09
    8.16965e-10
    1.10198e-09
    7.48711e-10
     9.1793e-10
    7.73662e-10
    3.75198e-09
    5.41663e-10
    4.80056e-10
    1.70484e-09
    3.19039e-09
    5.60528e-10
    5.74128e-10
    6.75952e-10
    6.42617e-10
    5.38027e-10
    5.32473e-10
     4.5181e-10
    3.86817e-10
    3.39474e-10
    2.90753e-10
    2.46405e-10
    4.47895e-10
    4.31646e-09
    5.46467e-10
     3.3555e-10
    4.77549e-10
    4.27981e-10
    3.25423e-10
    4.82698e-10
    2.39984e-10
    2.09123e-09
    1.83479e-10
    1.43134e-09
    1.78951e-10
    2.56398e-10
    2.54685e-10
    2.71456e-10
    2.48624e-10
    2.31114e-10
    1.94634e-10
    1.80746e-10
    1.41307e-09
    1.34023e-10
    1.09471e-10
    1.93432e-10
     1.1983e-10
    2.01093e-10
    1.74044e-10
    2.58844e-10
    1.45875e-10
    2.66019e-10
    1.15666e-10
    1.90549e-10
     9.5588e-11
    8.71666e-11
    6.94346e-11
     8.3128e-11
    7.78379e-11
    1.26578e-10
    1.24444e-10
    1.19777e-10
    9.04762e-11
     9.3164e-11
    7.43757e-11
    7.00786e-11
    5.63747e-11
    4.77609e-11
    7.58334e-11
    8.33467e-11
      5.908e-11
     2.8402e-09
    6.43314e-11
    1.96101e-09
    5.50696e-11
    8.38261e-11
    4.43401e-11
    4.91424e-11
     3.1809e-11
    2.75595e-09
    2.33137e-11
    2.52306e-11
    3.97149e-11
    4.88116e-11
     4.7593e-11
    4.66593e-11
    3.52378e-11
     3.2839e-11
    2.60245e-11
    2.23266e-11
    1.78416e-11
    1.49068e-11
    6.03965e-11
    1.87006e-11
    4.14784e-11
    3.11072e-11
    2.78812e-11
    3.62677e-11
     2.3029e-11
    3.08265e-11
    2.20931e-11
    1.57865e-11
    1.36374e-11
     1.0359e-11
     1.1961e-11
    1.15975e-11
     1.9945e-11
    1.66791e-11
    1.92353e-11
    1.41285e-11
    1.19903e-11
    9.45037e-12
    7.62716e-12
    6.08511e-12
    4.87518e-12
    3.89803e-12
    1.24967e-11
    5.46683e-12
    1.83409e-11
    9.26747e-12
    1.25196e-11
     8.0053e-12
     6.8612e-12
    5.26312e-12
    4.25449e-12
    3.37932e-12
      2.708e-12
     2.1637e-12
    3.34774e-12
     5.0441e-12
    6.15493e-12
    5.74952e-12
    5.88706e-12
    4.43331e-12
    3.78436e-12
    2.96937e-12
    2.40831e-12
    1.91838e-12
    1.53885e-12
    1.23002e-12
    5.32066e-12
    5.11018e-12
    3.67959e-12
    3.27994e-12
    2.51702e-12
    2.05938e-12
    1.63203e-12
    1.31068e-12
    1.04657e-12
    8.37789e-13
    6.69988e-13
    1.28342e-12
    1.47766e-12
    2.05392e-12
    1.89176e-12
     1.8321e-12
    1.41144e-12
     1.1882e-12
    9.38268e-13
    7.59089e-13
    6.05458e-13
    4.85465e-13
    3.88136e-13
    2.31568e-12
    8.83883e-13
    2.54027e-12
    1.20963e-12
    1.34913e-12
    9.46833e-13
    8.06766e-13
    6.28616e-13
    5.08539e-13
    4.04827e-13
    3.24493e-13
    2.59357e-13
    5.53141e-13
    6.51006e-13
    6.88932e-13
    5.24313e-13
    4.52493e-13
    3.55157e-13
     2.8896e-13
    2.30134e-13
    1.84739e-13
    1.47656e-13
    1.18203e-13
    9.45455e-14
    7.56458e-14
    6.05147e-14
    4.84129e-14
      3.873e-14
    3.09842e-14
    2.47873e-14
    1.98299e-14
    1.58639e-14
    1.26911e-14
    1.01529e-14
    8.12231e-15
    6.49785e-15
    5.19828e-15
    4.15862e-15
     3.3269e-15
    2.66152e-15
    2.12921e-15
    1.70337e-15
     1.3627e-15
    1.09016e-15
    8.72126e-16
    6.97701e-16
    5.58161e-16
    4.46529e-16
    3.57223e-16
    2.85778e-16
    2.28623e-16
    1.82898e-16
    1.46319e-16
    1.17055e-16
    9.36439e-17
    7.49151e-17
    5.99321e-17
    4.79457e-17
    3.83565e-17
    3.06852e-17
    2.45482e-17
    1.96385e-17
    1.57108e-17
    1.25687e-17
    1.00549e-17
    8.04395e-18
    6.43516e-18
    5.14813e-18
     4.1185e-18
     3.2948e-18
    2.63584e-18
    2.10867e-18
    1.68694e-18
    1.34955e-18
    1.07964e-18
    8.63712e-19
     6.9097e-19
    5.52776e-19
    4.42221e-19
    3.53776e-19
    2.83021e-19
    2.26417e-19
    1.81134e-19
    1.44907e-19
    1.15925e-19
    9.27404e-20
    7.41923e-20
    5.93538e-20
    4.74831e-20
    3.79865e-20
    3.03892e-20
    2.43113e-20
    1.94491e-20
    1.55593e-20
    1.24474e-20
    9.95792e-21
    7.96634e-21
    6.37307e-21
    5.09846e-21
    4.07876e-21
    3.26301e-21
    2.61041e-21
    2.08833e-21
    1.67066e-21
    1.33653e-21
    1.06922e-21
    8.55379e-22
    6.84303e-22
    5.47443e-22
    4.37954e-22
    3.50363e-22
    2.80291e-22
    2.24232e-22
    1.79386e-22
    1.43509e-22
    1.14807e-22
    9.18456e-23
    7.34765e-23
    5.87812e-23
     4.7025e-23
      3.762e-23
     3.0096e-23
    2.40768e-23
    1.92614e-23
    1.54091e-23
    1.23273e-23
    9.86185e-24
    7.88948e-24
    6.31158e-24
    5.04927e-24
    4.03941e-24
    3.23153e-24
    2.58522e-24
    2.06818e-24
    1.65454e-24
    1.32363e-24
    1.05891e-24
    8.47126e-25
    6.77701e-25
    5.42161e-25
    4.33729e-25
    3.46983e-25
    2.77586e-25
    2.22069e-25
    1.77655e-25
    1.42124e-25
    1.13699e-25
    9.09595e-26
    7.27676e-26
    5.82141e-26
    4.65713e-26
     3.7257e-26
    2.98056e-26
    2.38445e-26
    1.90756e-26
    1.52605e-26
    1.22084e-26
     9.7667e-27
    7.81336e-27
    6.25069e-27
    5.00055e-27
    4.00044e-27
    3.20035e-27
    2.56028e-27
    2.04823e-27
    1.63858e-27
    1.31086e-27
    1.04869e-27
    8.38953e-28
    6.71162e-28
     5.3693e-28
    4.29544e-28
    3.43635e-28
    2.74908e-28
    2.19926e-28
    1.75941e-28
    1.40753e-28
    1.12602e-28
    9.00819e-29
    7.20655e-29
    5.76524e-29
    4.61219e-29
    3.68975e-29
     2.9518e-29
    2.36144e-29
    1.88915e-29
    1.51132e-29
    1.20906e-29
    9.67247e-30
    7.73798e-30
    6.19038e-30
     4.9523e-30
    3.96184e-30
    3.16947e-30
    2.53558e-30
    2.02846e-30
    1.62277e-30
    1.29822e-30
    1.03857e-30
    8.30859e-31
    6.64687e-31
     5.3175e-31
      4.254e-31
     3.4032e-31
    2.72256e-31
    2.17805e-31
    1.74244e-31
    1.39395e-31
    1.11516e-31
    8.92128e-32
    7.13702e-32
    5.70962e-32
    4.56769e-32
    3.65416e-32
    2.92332e-32
    2.33866e-32
    1.87093e-32
    1.49674e-32
    1.19739e-32
    9.57915e-33
    7.66332e-33
    6.13065e-33
    4.90452e-33
    3.92362e-33
     3.1389e-33
    2.51112e-33
    2.00889e-33
    1.60711e-33
    1.28569e-33
    1.02855e-33
    8.22843e-34
    6.58274e-34
    5.26619e-34
    4.21295e-34
    3.37036e-34
    2.69629e-34
    2.15703e-34
    1.72563e-34
     1.3805e-34
     1.1044e-34
     8.8352e-35
    7.06816e-35
    5.65453e-35
    4.52362e-35
     3.6189e-35
    2.89512e-35
     2.3161e-35
    1.85288e-35
     1.4823e-35
    1.18584e-35
    9.48673e-36
    7.58938e-36
    6.07151e-36
     4.8572e-36
    3.88576e-36
    3.10861e-36
    2.48689e-36
    1.98951e-36
    1.59161e-36
    1.27329e-36
    1.01863e-36
    8.14904e-37
    6.51923e-37
    5.21538e-37
    4.17231e-37
    3.33785e-37
    2.67028e-37
    2.13622e-37
    1.70898e-37
    1.36718e-37
    1.09375e-37
    8.74996e-38
    6.99997e-38
    5.59998e-38
    4.47998e-38
    3.58398e-38
    2.86719e-38
    2.29375e-38
      1.835e-38
      1.468e-38
     1.1744e-38
     9.3952e-39
    7.51616e-39
    6.01293e-39
    4.81034e-39
    3.84827e-39
    3.07862e-39
     2.4629e-39
    1.97032e-39
    1.57625e-39
      1.261e-39
     1.0088e-39
    8.07041e-40
    6.45633e-40
    5.16507e-40
    4.13205e-40
    3.30564e-40
    2.64451e-40
    2.11561e-40
    1.69249e-40
    1.35399e-40
    1.08319e-40
    8.66554e-41
    6.93243e-41
    5.54595e-41
    4.43676e-41
    3.54941e-41
    2.83952e-41
    2.27162e-41
     1.8173e-41
    1.45384e-41
    1.16307e-41
    9.30455e-42
    7.44364e-42
    5.95491e-42
    4.76393e-42
    3.81115e-42
    3.04892e-42
    2.43913e-42
    1.95131e-42
    1.56104e-42
    1.24884e-42
    9.99069e-43
    7.99255e-43
    6.39404e-43
    5.11523e-43
    4.09219e-43
    3.27375e-43
      2.619e-43
     2.0952e-43
    1.67616e-43
    1.34093e-43
    1.07274e-43
    8.58194e-44
    6.86555e-44
    5.49244e-44
    4.39395e-44
    3.51516e-44
    2.81213e-44
     2.2497e-44
    1.79976e-44
    1.43981e-44
    1.15185e-44
    9.21478e-45
    7.37183e-45
    5.89746e-45
    4.71797e-45
    3.77437e-45
     3.0195e-45
     2.4156e-45
    1.93248e-45
    1.54598e-45
    1.23679e-45
     9.8943e-46
    7.91544e-46
    6.33235e-46
    5.06588e-46
     4.0527e-46
    3.24216e-46
    2.59373e-46
    2.07498e-46
    1.65999e-46
    1.32799e-46
    1.06239e-46
    8.49914e-47
    6.79931e-47
    5.43945e-47
    4.35156e-47
    3.48125e-47
      2.785e-47
      2.228e-47
     1.7824e-47
    1.42592e-47
    1.14073e-47
    9.12588e-48
     7.3007e-48
    5.84056e-48
    4.67245e-48
    3.73796e-48
    2.99037e-48
    2.39229e-48
    1.91384e-48
    1.53107e-48
    1.22485e-48
    9.79884e-49
    7.83907e-49
    6.27125e-49
      5.017e-49
     4.0136e-49
    3.21088e-49
    2.56871e-49
    2.05496e-49
    1.64397e-49
    1.31518e-49
    1.05214e-49
    8.41714e-50
    6.73371e-50
    5.38697e-50
    4.30957e-50
    3.44766e-50
    2.75813e-50
     2.2065e-50
     1.7652e-50
    1.41216e-50
    1.12973e-50
    9.03783e-51
    7.23026e-51
    5.78421e-51
    4.62737e-51
     3.7019e-51
    2.96152e-51
    2.36921e-51
    1.89537e-51
     1.5163e-51
    1.21304e-51
     9.7043e-52
    7.76344e-52
    6.21075e-52
     4.9686e-52
    3.97488e-52
     3.1799e-52
    2.54392e-52
    2.03514e-52
    1.62811e-52
              0
