      0.0102908
      0.0407729
      0.0407349
      0.0355781
      0.0361356
      0.0281637
      0.0238505
      0.0192499
      0.0159301
      0.0131084
      0.0113915
      0.0135907
      0.0244772
      0.0230126
        0.02313
      0.0214379
       0.224766
       0.702349
       0.156842
        0.38685
       0.479171
       0.359797
      0.0137447
        0.07733
      0.0157624
      0.0151509
       0.018265
      0.0140113
      0.0150347
       0.107014
       0.141086
      0.0550484
         0.3367
      0.0724702
       0.230774
      0.0512181
     0.00949476
       0.166264
     0.00879949
       0.165322
     0.00712037
       0.100106
     0.00618949
     0.00642761
       0.142793
     0.00481818
       0.079276
     0.00549648
      0.0688074
     0.00472282
     0.00586616
      0.0477994
     0.00453447
      0.0240717
     0.00401546
     0.00348114
     0.00321294
     0.00305109
      0.0227869
      0.0569417
     0.00276107
      0.0168095
      0.0301389
      0.0161127
      0.0565779
      0.0159757
      0.0021778
      0.0311917
      0.0109917
      0.0113035
      0.0219832
      0.0289656
      0.0205741
       0.021877
     0.00155382
       0.001503
     0.00136722
      0.0202703
     0.00116672
     0.00101863
    0.000927148
    0.000930217
    0.000894453
    0.000927268
     0.00719043
    0.000824099
     0.00506619
     0.00702492
     0.00270234
    0.000623995
     0.00500364
     0.00692859
    0.000588245
     0.00645577
     0.00352357
     0.00060646
    0.000582626
    0.000485837
    0.000592705
    0.000468541
     0.00333474
     0.00335905
    0.000331304
    0.000405051
     0.00229797
    0.000295781
    0.000346927
    0.000298028
    0.000297225
     0.00459382
     0.00460427
    0.000327469
     0.00453078
    0.000259984
    0.000273482
     0.00112616
     0.00217659
    0.000809426
    0.000495354
    0.000164858
     0.00156786
    0.000157829
    0.000824972
    0.000156945
    0.000158676
    0.000132443
       0.000141
    0.000536291
    0.000116453
    0.000289344
    0.000112414
     0.00101563
    9.73687e-05
     0.00400222
     8.3258e-05
     0.00143924
    7.87311e-05
    7.91906e-05
    0.000263002
    0.000488691
    6.99337e-05
    6.01574e-05
    0.000205844
     0.00026479
     5.7593e-05
    5.86259e-05
    0.000675089
    0.000473786
    0.000107961
    4.10202e-05
    3.50963e-05
    0.000660857
    0.000171295
    3.52086e-05
    3.84678e-05
    0.000653479
    3.60115e-05
    0.000548543
    0.000164557
    2.88161e-05
    5.54346e-05
    2.38876e-05
    0.000114242
    2.35405e-05
    2.09948e-05
    8.78955e-05
    2.11031e-05
    2.36226e-05
    1.91861e-05
    4.81873e-05
    4.46387e-05
    1.74735e-05
    1.56053e-05
    1.34467e-05
    1.21113e-05
    1.05278e-05
    1.04442e-05
     1.2164e-05
    1.28452e-05
    1.13839e-05
     1.1805e-05
    2.53324e-05
    3.89466e-05
    9.50063e-06
    2.22496e-05
    8.02164e-06
      2.052e-05
    1.40886e-05
    6.69382e-06
    1.05789e-05
    6.92873e-06
    2.11721e-05
    6.79576e-06
    6.79915e-06
    2.52662e-05
    8.96963e-05
    2.38162e-05
    1.10995e-05
    3.25229e-05
    3.77318e-06
    3.70509e-06
    3.77255e-06
    3.64967e-06
    1.29446e-05
    3.41709e-06
    3.92169e-06
    4.50286e-05
    3.15125e-05
    2.61376e-06
    2.34508e-06
    2.80941e-06
    2.11303e-06
    2.85354e-06
    2.26419e-05
    2.41946e-06
    1.16878e-05
    2.00709e-06
    4.42916e-05
    2.38064e-06
    4.08518e-05
    7.78661e-06
    1.73903e-06
    4.23327e-06
    1.56965e-06
    1.38387e-06
    5.97734e-06
    1.45027e-06
    1.51813e-06
     1.3542e-06
    3.32826e-06
     4.3458e-05
    1.72442e-05
    6.14126e-06
    2.23164e-06
    9.93999e-07
    8.97501e-07
    2.03833e-05
      2.512e-06
    8.66955e-07
    1.04748e-06
    6.88396e-06
    7.46951e-07
    2.67812e-06
    6.12976e-07
    6.36233e-07
    2.41113e-05
    1.63826e-05
    1.42186e-06
    5.60846e-07
    1.45888e-06
    1.21969e-06
    1.41157e-05
    4.52853e-07
    1.33862e-06
      2.152e-06
    9.75293e-07
    3.80419e-07
    9.41604e-07
     2.9454e-07
    3.39765e-07
    3.07382e-07
    6.76185e-07
    1.45736e-06
    3.16168e-06
    3.34089e-07
    2.83407e-07
    3.15037e-07
     2.3347e-07
    2.58913e-07
    1.30376e-06
    2.11344e-07
      3.256e-07
    7.63858e-07
    2.26539e-07
    2.94764e-07
    1.89674e-07
     4.5053e-07
    1.57262e-07
    4.74999e-07
    1.26992e-07
    1.33223e-07
     4.7519e-07
    5.39485e-07
    1.97403e-07
    1.40838e-07
    1.60837e-07
     2.8426e-07
    1.11888e-07
    9.26723e-06
    1.04533e-07
    8.17612e-08
    8.68517e-08
    9.60129e-07
    3.77682e-06
    1.09135e-06
    7.64716e-08
    1.36797e-07
    7.53291e-08
    2.89759e-06
    4.75041e-07
    8.27268e-06
    5.57783e-08
    5.88723e-07
    4.65355e-08
    4.24201e-08
    5.25223e-07
    1.74872e-07
    9.80956e-08
    2.58539e-07
    4.92774e-08
    9.55925e-08
    9.87682e-08
    3.50144e-08
    1.52898e-06
    2.86851e-08
    3.49776e-08
     1.3548e-07
    3.53839e-08
    3.37929e-08
    3.69528e-08
    3.83657e-08
    3.97036e-08
    3.23607e-08
    2.70821e-08
     1.0364e-07
    3.18402e-08
    2.15164e-08
    2.23566e-08
    2.29202e-08
    3.79002e-08
    6.31802e-08
    2.12364e-08
    2.62126e-08
    4.07108e-08
    2.03607e-08
     2.2225e-08
    1.46289e-08
    2.46752e-08
    7.18062e-08
    1.24711e-08
    9.72706e-07
    1.71415e-08
    1.45571e-08
    1.53164e-08
    1.06809e-07
    1.35071e-08
     2.5872e-08
    4.29611e-07
     9.9502e-09
    8.13262e-09
    7.11647e-09
    8.02508e-09
    8.23419e-09
    1.55999e-07
     8.0336e-09
     7.7439e-09
    1.29088e-08
     1.5634e-08
    7.54908e-09
    5.49404e-09
    5.09804e-09
    4.38608e-09
    3.95097e-09
    6.89296e-09
    3.28799e-08
    1.92185e-08
    5.34742e-09
    5.30629e-09
    4.61414e-09
    1.28609e-08
    3.86321e-09
    4.72363e-09
    3.32464e-09
    5.55134e-09
    2.52614e-09
    3.16348e-09
    8.70786e-09
    7.53276e-09
    5.64767e-09
    3.06861e-09
     3.4653e-09
    4.31966e-08
    2.91005e-09
     2.1016e-09
    1.19835e-08
    1.03246e-08
    1.61678e-09
    1.61111e-09
    6.17913e-08
    1.95727e-09
    2.32556e-09
    2.04076e-09
    1.80651e-09
    1.55413e-09
    6.10545e-08
     4.1884e-08
    1.09625e-09
    1.05851e-09
    2.80775e-09
    3.67621e-08
    1.47113e-09
    1.33832e-09
    1.32664e-09
    1.10957e-09
    1.31319e-09
    3.80879e-09
    4.83547e-09
    6.61982e-09
    6.63475e-10
    5.51423e-10
    3.38588e-09
    5.77713e-10
    9.46294e-10
    7.88621e-10
    8.95277e-10
     6.2143e-10
    6.35442e-10
    5.36973e-10
    4.91255e-10
    4.52081e-10
    3.56999e-10
    3.48856e-10
    5.29519e-10
    4.34912e-10
    5.80397e-10
    4.95503e-10
    4.72724e-10
    5.38009e-10
    3.98165e-10
    4.67606e-10
    2.94972e-10
    2.67722e-10
    2.21106e-10
    2.12938e-10
    2.41251e-10
    2.92276e-10
    3.11998e-10
    3.27602e-10
    3.26852e-10
    2.87226e-10
    2.56703e-10
    2.31198e-10
    1.95586e-10
    1.75388e-10
    1.48671e-10
    1.35165e-10
    2.33296e-10
    2.48862e-10
    2.05522e-10
    2.09313e-10
    1.92584e-10
    2.41944e-10
    1.46964e-10
    1.87211e-10
    1.15153e-10
    1.12511e-10
    8.74955e-11
     1.0597e-10
    1.02949e-10
    1.30744e-10
    1.23313e-10
    1.45912e-10
    1.11228e-10
    1.12414e-10
    9.18197e-11
    8.96101e-11
    8.29005e-11
    6.86372e-11
    5.49954e-11
    1.00928e-10
      6.506e-11
    1.12551e-10
    9.04376e-11
    9.17134e-11
    7.14845e-11
     8.0325e-11
    5.54125e-11
    6.52961e-11
    4.29285e-11
     3.8141e-11
    3.31849e-11
    4.23529e-11
    4.89464e-11
    5.62065e-11
    5.32738e-11
     5.4103e-11
    4.16897e-11
    4.14677e-11
    3.45656e-11
    3.05128e-11
    2.46943e-11
    2.04689e-11
     1.7224e-11
    3.61236e-11
     2.6385e-11
    4.58563e-11
    3.54334e-11
    3.59483e-11
    2.80568e-11
    2.94338e-11
    2.03503e-11
    1.91932e-11
    1.40106e-11
    1.19804e-11
    1.61814e-11
    1.59524e-11
    2.27789e-11
    2.11436e-11
    2.08639e-11
    1.99389e-11
    1.60617e-11
    1.43085e-11
    1.38289e-11
    1.20776e-11
    1.02404e-11
    8.08964e-12
    1.69741e-11
    9.18348e-12
    1.95258e-11
    1.34624e-11
    1.42742e-11
    1.11187e-11
    9.32225e-12
    7.39416e-12
    5.96608e-12
    4.76466e-12
    3.81783e-12
    3.05329e-12
    5.17202e-12
    5.01277e-12
    8.71427e-12
    7.98879e-12
    8.07645e-12
    6.17976e-12
    5.19092e-12
    4.10082e-12
     3.3137e-12
    2.64396e-12
     2.1193e-12
    1.69458e-12
    6.16302e-12
    3.70354e-12
    7.55549e-12
    4.68086e-12
    4.85147e-12
    3.52771e-12
     2.9813e-12
    2.33434e-12
    1.88788e-12
    1.50389e-12
    1.20561e-12
     9.6371e-13
    2.03299e-12
      2.889e-12
    2.88041e-12
    2.44046e-12
    1.96575e-12
    1.59702e-12
    1.27636e-12
    1.02471e-12
    8.19458e-13
     6.5605e-13
    5.24796e-13
    2.64259e-12
    1.17946e-12
     2.8788e-12
    1.51471e-12
    1.55608e-12
    1.12143e-12
    9.42023e-13
     7.3801e-13
    5.95754e-13
    4.74751e-13
    3.80422e-13
    3.04121e-13
    8.26792e-13
    8.48553e-13
    1.21151e-12
    1.06698e-12
    9.72248e-13
    7.51206e-13
    6.22676e-13
    4.92728e-13
    3.97327e-13
    3.17084e-13
    2.54079e-13
    2.03164e-13
    1.19035e-12
     5.2011e-13
    6.12059e-13
     4.1899e-13
    3.61147e-13
    2.79885e-13
    2.27013e-13
    1.80535e-13
    1.44789e-13
    1.15705e-13
    9.26061e-14
    7.40702e-14
     5.9261e-14
    4.74071e-14
    3.79262e-14
    3.03408e-14
    2.42727e-14
    1.94181e-14
    1.55345e-14
    1.24276e-14
    9.94208e-15
    7.95366e-15
    6.36293e-15
    5.09035e-15
    4.07228e-15
    3.25782e-15
    2.60626e-15
    2.08501e-15
      1.668e-15
     1.3344e-15
    1.06752e-15
    8.54018e-16
    6.83215e-16
    5.46572e-16
    4.37257e-16
    3.49806e-16
    2.79845e-16
    2.23876e-16
    1.79101e-16
     1.4328e-16
    1.14624e-16
    9.16995e-17
    7.33596e-17
    5.86877e-17
    4.69501e-17
    3.75601e-17
    3.00481e-17
    2.40385e-17
    1.92308e-17
    1.53846e-17
    1.23077e-17
    9.84616e-18
    7.87693e-18
    6.30154e-18
    5.04123e-18
    4.03299e-18
    3.22639e-18
    2.58111e-18
    2.06489e-18
    1.65191e-18
    1.32153e-18
    1.05722e-18
    8.45779e-19
    6.76623e-19
    5.41298e-19
    4.33039e-19
    3.46431e-19
    2.77145e-19
    2.21716e-19
    1.77373e-19
    1.41898e-19
    1.13518e-19
    9.08148e-20
    7.26518e-20
    5.81215e-20
    4.64972e-20
    3.71977e-20
    2.97582e-20
    2.38065e-20
    1.90452e-20
    1.52362e-20
     1.2189e-20
    9.75116e-21
    7.80093e-21
    6.24074e-21
    4.99259e-21
    3.99408e-21
    3.19526e-21
    2.55621e-21
    2.04497e-21
    1.63597e-21
    1.30878e-21
    1.04702e-21
    8.37618e-22
    6.70095e-22
    5.36076e-22
    4.28861e-22
    3.43088e-22
    2.74471e-22
    2.19577e-22
    1.75661e-22
    1.40529e-22
    1.12423e-22
    8.99386e-23
    7.19509e-23
    5.75607e-23
    4.60486e-23
    3.68388e-23
    2.94711e-23
    2.35769e-23
    1.88615e-23
    1.50892e-23
    1.20714e-23
    9.65708e-24
    7.72567e-24
    6.18053e-24
    4.94443e-24
    3.95554e-24
    3.16443e-24
    2.53155e-24
    2.02524e-24
    1.62019e-24
    1.29615e-24
    1.03692e-24
    8.29537e-25
     6.6363e-25
    5.30904e-25
    4.24723e-25
    3.39778e-25
    2.71823e-25
    2.17458e-25
    1.73967e-25
    1.39173e-25
    1.11339e-25
    8.90709e-26
    7.12567e-26
    5.70053e-26
    4.56043e-26
    3.64834e-26
    2.91867e-26
    2.33494e-26
    1.86795e-26
    1.49436e-26
    1.19549e-26
    9.56391e-27
    7.65113e-27
     6.1209e-27
    4.89672e-27
    3.91738e-27
     3.1339e-27
    2.50712e-27
     2.0057e-27
    1.60456e-27
    1.28365e-27
    1.02692e-27
    8.21534e-28
    6.57227e-28
    5.25781e-28
    4.20625e-28
      3.365e-28
      2.692e-28
     2.1536e-28
    1.72288e-28
     1.3783e-28
    1.10264e-28
    8.82115e-29
    7.05692e-29
    5.64554e-29
    4.51643e-29
    3.61314e-29
    2.89051e-29
    2.31241e-29
    1.84993e-29
    1.47994e-29
    1.18395e-29
    9.47164e-30
    7.57731e-30
    6.06185e-30
    4.84948e-30
    3.87958e-30
    3.10367e-30
    2.48293e-30
    1.98635e-30
    1.58908e-30
    1.27126e-30
    1.01701e-30
    8.13607e-31
    6.50886e-31
    5.20709e-31
    4.16567e-31
    3.33254e-31
    2.66603e-31
    2.13282e-31
    1.70626e-31
    1.36501e-31
    1.09201e-31
    8.73604e-32
    6.98883e-32
    5.59107e-32
    4.47285e-32
    3.57828e-32
    2.86263e-32
     2.2901e-32
    1.83208e-32
    1.46566e-32
    1.17253e-32
    9.38025e-33
     7.5042e-33
    6.00336e-33
    4.80269e-33
    3.84215e-33
    3.07372e-33
    2.45898e-33
    1.96718e-33
    1.57375e-33
      1.259e-33
     1.0072e-33
    8.05758e-34
    6.44606e-34
    5.15685e-34
    4.12548e-34
    3.30038e-34
    2.64031e-34
    2.11225e-34
     1.6898e-34
    1.35184e-34
    1.08147e-34
    8.65176e-35
     6.9214e-35
    5.53712e-35
     4.4297e-35
    3.54376e-35
    2.83501e-35
    2.26801e-35
     1.8144e-35
    1.45152e-35
    1.16122e-35
    9.28975e-36
     7.4318e-36
    5.94544e-36
    4.75635e-36
    3.80508e-36
    3.04407e-36
    2.43525e-36
     1.9482e-36
    1.55856e-36
    1.24685e-36
    9.97479e-37
    7.97984e-37
    6.38387e-37
    5.10709e-37
    4.08568e-37
    3.26854e-37
    2.61483e-37
    2.09187e-37
    1.67349e-37
    1.33879e-37
    1.07104e-37
    8.56828e-38
    6.85463e-38
     5.4837e-38
    4.38696e-38
    3.50957e-38
    2.80765e-38
    2.24612e-38
     1.7969e-38
    1.43752e-38
    1.15002e-38
    9.20012e-39
     7.3601e-39
    5.88808e-39
    4.71046e-39
    3.76837e-39
     3.0147e-39
    2.41176e-39
    1.92941e-39
    1.54352e-39
    1.23482e-39
    9.87856e-40
    7.90285e-40
    6.32228e-40
    5.05782e-40
    4.04626e-40
    3.23701e-40
     2.5896e-40
    2.07168e-40
    1.65735e-40
    1.32588e-40
     1.0607e-40
    8.48562e-41
    6.78849e-41
    5.43079e-41
    4.34464e-41
    3.47571e-41
    2.78057e-41
    2.22445e-41
    1.77956e-41
    1.42365e-41
    1.13892e-41
    9.11136e-42
    7.28909e-42
    5.83127e-42
    4.66502e-42
    3.73201e-42
    2.98561e-42
    2.38849e-42
    1.91079e-42
    1.52863e-42
    1.22291e-42
    9.78325e-43
     7.8266e-43
    6.26128e-43
    5.00902e-43
    4.00722e-43
    3.20577e-43
    2.56462e-43
     2.0517e-43
    1.64136e-43
    1.31309e-43
    1.05047e-43
    8.40375e-44
      6.723e-44
     5.3784e-44
    4.30272e-44
    3.44217e-44
    2.75374e-44
    2.20299e-44
    1.76239e-44
    1.40991e-44
    1.12793e-44
    9.02345e-45
    7.21876e-45
    5.77501e-45
    4.62001e-45
    3.69601e-45
     2.9568e-45
    2.36544e-45
    1.89236e-45
    1.51388e-45
    1.21111e-45
    9.68886e-46
    7.75109e-46
    6.20087e-46
     4.9607e-46
    3.96856e-46
    3.17484e-46
    2.53988e-46
     2.0319e-46
    1.62552e-46
    1.30042e-46
    1.04033e-46
    8.32267e-47
    6.65813e-47
    5.32651e-47
     4.2612e-47
    3.40896e-47
    2.72717e-47
    2.18174e-47
    1.74539e-47
    1.39631e-47
    1.11705e-47
    8.93639e-48
    7.14911e-48
    5.71929e-48
    4.57543e-48
    3.66035e-48
    2.92828e-48
    2.34262e-48
     1.8741e-48
    1.49928e-48
    1.19942e-48
    9.59538e-49
     7.6763e-49
    6.14104e-49
    4.91283e-49
    3.93027e-49
    3.14421e-49
    2.51537e-49
     2.0123e-49
    1.60984e-49
    1.28787e-49
     1.0303e-49
    8.24237e-50
    6.59389e-50
    5.27512e-50
    4.22009e-50
    3.37607e-50
    2.70086e-50
    2.16069e-50
    1.72855e-50
    1.38284e-50
    1.10627e-50
    8.85017e-51
    7.08014e-51
    5.66411e-51
    4.53129e-51
    3.62503e-51
    2.90003e-51
    2.32002e-51
    1.85602e-51
    1.48481e-51
    1.18785e-51
     9.5028e-52
    7.60224e-52
    6.08179e-52
    4.86543e-52
    3.89235e-52
    3.11388e-52
     2.4911e-52
    1.99288e-52
    1.59431e-52
    1.27544e-52
              0
