      0.0125764
      0.0492654
      0.0483814
      0.0437953
      0.0451542
      0.0349941
      0.0300154
      0.0239124
      0.0197182
      0.0164664
       0.014238
      0.0155819
      0.0327207
      0.0298522
      0.0276664
      0.0253102
      0.0246535
       0.298988
      0.0219114
       0.222473
       0.155976
      0.0165157
       0.342662
       0.080668
       0.020464
      0.0186751
      0.0251605
      0.0810874
      0.0184601
      0.0157335
      0.0164214
       0.108313
      0.0774754
       0.242865
       0.139092
     0.00944391
      0.0118483
      0.0100936
      0.0112137
     0.00894737
     0.00856154
       0.115502
       0.101267
       0.052136
      0.0362028
     0.00584148
       0.007793
     0.00650129
      0.0499019
     0.00562839
     0.00744014
      0.0487888
      0.0494378
     0.00496567
      0.0250914
     0.00446091
      0.0536943
      0.0533729
      0.0169291
      0.0241958
      0.0233914
      0.0035789
     0.00352446
      0.0029535
      0.0171441
     0.00294989
      0.0025615
     0.00222079
      0.0176854
     0.00247849
       0.031709
     0.00197126
      0.0130456
     0.00230659
     0.00190996
      0.0155396
     0.00166966
     0.00160912
     0.00139708
     0.00123997
     0.00114449
     0.00115367
     0.00107355
     0.00112555
     0.00105545
     0.00726793
    0.000947892
    0.000845597
     0.00582795
     0.00211937
    0.000817188
    0.000771371
    0.000691709
    0.000756386
    0.000718453
    0.000717339
     0.00362112
    0.000596081
     0.00409671
    0.000574617
     0.00051171
    0.000525972
    0.000401023
    0.000491899
     0.00331579
    0.000355598
    0.000403665
    0.000354457
    0.000359546
     0.00037116
     0.00131813
     0.00081291
     0.00035598
    0.000320599
     0.00217603
    0.000251434
     0.00023142
    0.000225359
     0.00066825
     0.00219005
    0.000283075
     0.00111016
     0.00161381
    0.000187405
    0.000209725
    0.000166581
    0.000173989
     0.00105712
    0.000571651
     0.00221352
    0.000135994
     0.00054053
    0.000116391
     0.00103144
    0.000101203
     0.00010786
    0.000717833
    0.000290245
    0.000638676
    7.75162e-05
    8.27071e-05
     0.00026809
    9.08681e-05
     8.5841e-05
    0.000205363
    7.35393e-05
    6.64028e-05
    0.000200645
    5.82679e-05
    0.000188317
     0.00033288
     4.6038e-05
    0.000137928
    4.26667e-05
    4.79341e-05
    0.000265892
    0.000667119
     8.4534e-05
    0.000448251
    3.67418e-05
    3.37368e-05
    7.10576e-05
    0.000451375
    0.000120898
     2.5781e-05
    3.66766e-05
    2.57398e-05
    0.000120338
    2.36901e-05
    0.000232019
    1.95438e-05
    4.36124e-05
    1.96176e-05
    1.74598e-05
    7.69941e-05
     1.3054e-05
    1.27801e-05
    7.60112e-05
    1.62465e-05
     4.2222e-05
    0.000458343
    1.48352e-05
    6.05312e-05
    1.15672e-05
     1.1162e-05
     9.8178e-06
    0.000142573
    1.00342e-05
    8.03709e-06
    1.71879e-05
    8.32542e-06
    2.96688e-05
    8.27672e-06
    3.71947e-05
    6.93979e-06
    1.63396e-05
    5.34458e-06
    6.46974e-06
    1.99719e-05
    1.06195e-05
    4.55569e-06
    1.35113e-05
    4.73804e-06
    1.39098e-05
    4.03254e-06
    2.42759e-05
    3.60918e-06
    3.73365e-06
    3.11564e-06
    5.61562e-06
     3.5776e-06
    2.56105e-06
    4.40295e-06
    9.89132e-06
    3.17544e-06
    4.53225e-05
    8.57348e-06
    5.40517e-05
    3.12855e-06
    1.57375e-05
    2.11101e-06
    2.19519e-06
    2.11256e-05
    1.96758e-06
    8.64571e-06
    3.40595e-06
    4.55238e-06
    3.23419e-06
    1.06212e-05
    1.77022e-06
    9.06715e-06
    1.54887e-06
    1.36605e-06
    5.27481e-06
    1.82957e-06
    3.90147e-06
    1.20862e-06
    1.03801e-05
    2.04949e-05
    1.29826e-06
    9.79103e-07
    9.23017e-07
    9.96076e-07
    7.64376e-07
     1.4006e-05
    6.79237e-06
    6.96591e-07
    6.77808e-07
    7.11672e-07
    6.89493e-07
    6.84129e-07
    6.32488e-07
    5.86605e-07
    2.48388e-06
    5.26641e-07
    1.05246e-06
    4.74477e-07
    3.85367e-06
    6.88748e-07
    8.41456e-07
    1.27864e-06
    5.34865e-06
    1.13436e-06
    3.52534e-06
    3.98855e-07
    3.66274e-07
    3.93514e-07
    3.00597e-07
    3.28325e-07
    2.85634e-07
    1.14234e-06
    3.11459e-07
    7.74336e-07
    1.60016e-06
    8.61417e-07
    9.74706e-07
    1.10529e-06
    2.03895e-07
    1.72261e-07
    1.10252e-06
    1.71357e-07
    1.74029e-07
    1.70681e-07
     1.7814e-07
    1.10858e-06
    2.63265e-07
    2.66692e-07
    3.35714e-07
    1.23277e-07
    2.49625e-06
     2.9263e-06
    1.00252e-06
    1.60426e-07
    9.85192e-08
    3.73735e-07
     2.9097e-06
    3.17015e-07
    3.71886e-07
    7.06444e-06
    8.00727e-08
    1.98934e-06
    1.46296e-06
    1.88746e-07
    5.61683e-08
     9.3672e-08
    8.36829e-08
    6.86997e-07
    9.90063e-08
    9.53428e-08
    6.23238e-08
    7.41161e-08
    1.35401e-06
    4.50399e-08
    1.01521e-07
    3.57574e-08
    5.25131e-08
    1.06762e-07
    4.21896e-08
    4.17041e-08
    8.80973e-08
    3.23929e-07
    3.27298e-07
    5.16673e-08
    6.37051e-07
    1.33601e-07
    4.29504e-08
    6.30079e-07
    8.63408e-08
    4.38667e-07
    2.45885e-08
    3.08019e-08
    2.83989e-08
     5.4725e-08
    6.40729e-08
      1.268e-07
    2.22608e-08
    2.10136e-07
     3.2027e-08
    1.48553e-08
     1.6338e-08
    4.78776e-08
    1.59186e-08
    4.29909e-07
    1.85712e-08
    1.54556e-08
     1.6546e-08
    1.41836e-08
    3.14182e-08
    1.20599e-08
    9.66319e-09
    8.63746e-09
    1.99292e-07
    1.39011e-07
    3.85021e-08
     1.0932e-08
    1.88424e-08
    1.18555e-08
    1.74743e-08
    9.49342e-09
    6.79718e-09
    1.50796e-08
    1.32179e-08
    5.00165e-09
    1.10312e-08
    5.57764e-09
    6.35846e-09
    5.83245e-09
      6.552e-09
    1.80109e-08
    5.01058e-09
    1.32419e-08
    4.25255e-09
    5.39106e-09
    3.52982e-09
    3.03401e-09
    3.93368e-09
    9.51204e-09
    4.57036e-09
    3.78904e-09
    3.91263e-09
    8.33539e-09
    3.22529e-09
    1.22274e-08
    2.54214e-09
    2.50575e-09
    1.99288e-09
    1.92268e-09
    1.92133e-09
    4.90327e-09
    2.40226e-09
    2.58516e-09
     2.4756e-09
    4.85015e-09
    1.84349e-09
    5.69046e-09
    1.70613e-09
    4.08043e-09
    1.38703e-09
    1.09489e-09
    1.68308e-09
    1.84736e-09
    2.31253e-08
    3.11516e-08
    1.44853e-09
     1.0332e-08
    1.40972e-08
    1.02981e-09
    8.88928e-10
    8.85228e-10
    6.79804e-10
    8.33376e-10
    7.08173e-10
    1.09768e-09
    8.51754e-10
    1.09917e-09
    7.32613e-10
    7.67717e-10
    6.27854e-10
    6.07618e-10
    6.08422e-10
    4.44455e-10
    3.15931e-09
    6.54357e-10
    5.29137e-10
    7.42373e-10
    5.80934e-10
    5.88918e-10
    6.46405e-10
    5.05135e-10
    1.82823e-09
    3.68324e-10
    3.31067e-10
     2.7042e-10
    2.60448e-10
    2.82029e-10
    3.07165e-10
    3.74848e-10
    3.61102e-10
    4.09766e-10
    3.33068e-10
    3.14084e-10
    2.77189e-10
     2.3789e-10
    2.20431e-10
    1.91102e-10
    1.64037e-10
    2.88725e-10
    3.05274e-10
    2.53287e-10
    2.56795e-10
    2.35629e-10
    3.35287e-10
    1.81253e-10
    3.13299e-10
    1.41658e-10
    1.51331e-10
    1.07032e-10
    1.22154e-10
    1.25062e-10
    1.40872e-10
    1.53405e-10
    1.72114e-10
    1.35299e-10
     1.3524e-10
    1.11699e-10
     1.0722e-10
    1.01867e-10
    9.36794e-11
    7.12304e-11
     1.2975e-10
     7.8499e-11
    1.41009e-10
    1.07913e-10
    1.13857e-10
    8.76906e-11
    1.23667e-10
    6.85881e-11
    9.69878e-11
    5.31872e-11
    4.83143e-11
     3.9971e-11
    4.78301e-11
    5.40024e-11
     6.6865e-11
    6.04993e-11
    1.92359e-09
    5.09272e-11
    5.00923e-11
    4.18066e-11
    3.74485e-11
    3.03583e-11
    2.54748e-11
    2.18325e-11
    4.64494e-11
    3.04187e-11
    5.77226e-11
    4.14031e-11
    4.48012e-11
    3.42556e-11
    4.52187e-11
    2.51309e-11
    2.60997e-11
    1.75047e-11
    1.51254e-11
    1.79182e-11
    1.87982e-11
    2.50166e-11
    2.54328e-11
    2.41874e-11
    2.49685e-11
    1.96762e-11
    1.79482e-11
    1.61764e-11
    1.47101e-11
    1.26247e-11
    1.00075e-11
    2.17869e-11
    1.07699e-11
     2.4965e-11
    1.59199e-11
    1.76708e-11
    1.37074e-11
    1.15923e-11
    9.18172e-12
    7.41882e-12
    5.92252e-12
    4.74676e-12
    3.79588e-12
    5.56902e-12
    5.86374e-12
    9.65375e-12
     9.1069e-12
    1.02225e-11
    7.58745e-12
    6.48492e-12
    5.08661e-12
    4.12337e-12
    3.28569e-12
    2.63522e-12
    2.10661e-12
    7.98051e-12
    4.15671e-12
    9.68385e-12
    5.46809e-12
    6.09072e-12
    4.33265e-12
    3.72421e-12
    2.89589e-12
    2.34981e-12
    1.86903e-12
    1.49923e-12
    1.19806e-12
    2.12938e-12
    3.15064e-12
    3.45031e-12
    2.99404e-12
    2.42508e-12
    1.98207e-12
    1.58418e-12
    1.27362e-12
    1.01844e-12
    8.15594e-13
    6.52408e-13
    3.43257e-12
    1.32961e-12
    3.74889e-12
    1.77212e-12
    1.99315e-12
    1.38026e-12
    1.18022e-12
    9.16258e-13
    7.41869e-13
    5.90134e-13
     4.7311e-13
    3.78091e-13
    8.43807e-13
      9.762e-13
     1.3741e-12
    1.25914e-12
    1.20474e-12
    9.22484e-13
    7.74775e-13
    6.10918e-13
    4.94111e-13
    3.93996e-13
    3.15902e-13
    2.52555e-13
    1.54796e-12
    5.83391e-13
    7.93189e-13
     5.1256e-13
    4.54141e-13
    3.47191e-13
     2.8292e-13
    2.24389e-13
    1.80096e-13
    1.43846e-13
    1.15143e-13
    9.20874e-14
    7.36774e-14
    5.89387e-14
    4.71518e-14
    3.77211e-14
     3.0177e-14
    2.41415e-14
    1.93132e-14
    1.54506e-14
    1.23605e-14
    9.88837e-15
     7.9107e-15
    6.32856e-15
    5.06285e-15
    4.05028e-15
    3.24022e-15
    2.59218e-15
    2.07374e-15
    1.65899e-15
    1.32719e-15
    1.06176e-15
    8.49405e-16
    6.79524e-16
    5.43619e-16
    4.34895e-16
    3.47916e-16
    2.78333e-16
    2.22666e-16
    1.78133e-16
    1.42506e-16
    1.14005e-16
    9.12041e-17
    7.29633e-17
    5.83706e-17
    4.66965e-17
    3.73572e-17
    2.98858e-17
    2.39086e-17
    1.91269e-17
    1.53015e-17
    1.22412e-17
    9.79297e-18
    7.83438e-18
     6.2675e-18
      5.014e-18
     4.0112e-18
    3.20896e-18
    2.56717e-18
    2.05373e-18
    1.64299e-18
    1.31439e-18
    1.05151e-18
     8.4121e-19
    6.72968e-19
    5.38374e-19
    4.30699e-19
    3.44559e-19
    2.75648e-19
    2.20518e-19
    1.76414e-19
    1.41132e-19
    1.12905e-19
    9.03242e-20
    7.22594e-20
    5.78075e-20
     4.6246e-20
    3.69968e-20
    2.95974e-20
    2.36779e-20
    1.89424e-20
    1.51539e-20
    1.21231e-20
    9.69849e-21
    7.75879e-21
    6.20703e-21
    4.96562e-21
     3.9725e-21
      3.178e-21
     2.5424e-21
    2.03392e-21
    1.62714e-21
    1.30171e-21
    1.04137e-21
    8.33094e-22
    6.66475e-22
     5.3318e-22
    4.26544e-22
    3.41235e-22
    2.72988e-22
     2.1839e-22
    1.74712e-22
     1.3977e-22
    1.11816e-22
    8.94527e-23
    7.15622e-23
    5.72497e-23
    4.57998e-23
    3.66398e-23
    2.93119e-23
    2.34495e-23
    1.87596e-23
    1.50077e-23
    1.20061e-23
    9.60491e-24
    7.68393e-24
    6.14714e-24
    4.91772e-24
    3.93417e-24
    3.14734e-24
    2.51787e-24
     2.0143e-24
    1.61144e-24
    1.28915e-24
    1.03132e-24
    8.25056e-25
    6.60045e-25
    5.28036e-25
    4.22429e-25
    3.37943e-25
    2.70354e-25
    2.16283e-25
    1.73027e-25
    1.38421e-25
    1.10737e-25
    8.85897e-26
    7.08717e-26
    5.66974e-26
    4.53579e-26
    3.62863e-26
    2.90291e-26
    2.32233e-26
    1.85786e-26
    1.48629e-26
    1.18903e-26
    9.51224e-27
     7.6098e-27
    6.08784e-27
    4.87027e-27
    3.89622e-27
    3.11697e-27
    2.49358e-27
    1.99486e-27
    1.59589e-27
    1.27671e-27
    1.02137e-27
    8.17096e-28
    6.53676e-28
    5.22941e-28
    4.18353e-28
    3.34682e-28
    2.67746e-28
    2.14197e-28
    1.71357e-28
    1.37086e-28
    1.09669e-28
     8.7735e-29
     7.0188e-29
    5.61504e-29
    4.49203e-29
    3.59362e-29
     2.8749e-29
    2.29992e-29
    1.83994e-29
    1.47195e-29
    1.17756e-29
    9.42047e-30
    7.53638e-30
     6.0291e-30
    4.82328e-30
    3.85862e-30
     3.0869e-30
    2.46952e-30
    1.97562e-30
    1.58049e-30
    1.26439e-30
    1.01152e-30
    8.09212e-31
     6.4737e-31
    5.17896e-31
    4.14317e-31
    3.31453e-31
    2.65163e-31
     2.1213e-31
    1.69704e-31
    1.35763e-31
    1.08611e-31
    8.68885e-32
    6.95108e-32
    5.56086e-32
    4.44869e-32
    3.55895e-32
    2.84716e-32
    2.27773e-32
    1.82218e-32
    1.45775e-32
     1.1662e-32
    9.32958e-33
    7.46366e-33
    5.97093e-33
    4.77675e-33
     3.8214e-33
    3.05712e-33
    2.44569e-33
    1.95655e-33
    1.56524e-33
     1.2522e-33
    1.00176e-33
    8.01405e-34
    6.41124e-34
    5.12899e-34
    4.10319e-34
    3.28255e-34
    2.62604e-34
    2.10083e-34
    1.68067e-34
    1.34453e-34
    1.07563e-34
    8.60502e-35
    6.88401e-35
    5.50721e-35
    4.40577e-35
    3.52462e-35
    2.81969e-35
    2.25575e-35
     1.8046e-35
    1.44368e-35
    1.15495e-35
    9.23957e-36
    7.39165e-36
    5.91332e-36
    4.73066e-36
    3.78453e-36
    3.02762e-36
     2.4221e-36
    1.93768e-36
    1.55014e-36
    1.24011e-36
    9.92091e-37
    7.93673e-37
    6.34938e-37
    5.07951e-37
     4.0636e-37
    3.25088e-37
    2.60071e-37
    2.08057e-37
    1.66445e-37
    1.33156e-37
    1.06525e-37
      8.522e-38
     6.8176e-38
    5.45408e-38
    4.36326e-38
    3.49061e-38
    2.79249e-38
    2.23399e-38
    1.78719e-38
    1.42975e-38
     1.1438e-38
    9.15042e-39
    7.32034e-39
    5.85627e-39
    4.68502e-39
    3.74801e-39
    2.99841e-39
    2.39873e-39
    1.91898e-39
    1.53519e-39
    1.22815e-39
    9.82519e-40
    7.86015e-40
    6.28812e-40
     5.0305e-40
     4.0244e-40
    3.21952e-40
    2.57562e-40
    2.06049e-40
    1.64839e-40
    1.31871e-40
    1.05497e-40
    8.43978e-41
    6.75182e-41
    5.40146e-41
    4.32117e-41
    3.45693e-41
    2.76555e-41
    2.21244e-41
    1.76995e-41
    1.41596e-41
    1.13277e-41
    9.06214e-42
    7.24971e-42
    5.79977e-42
    4.63982e-42
    3.71185e-42
    2.96948e-42
    2.37559e-42
    1.90047e-42
    1.52037e-42
     1.2163e-42
     9.7304e-43
    7.78432e-43
    6.22745e-43
    4.98196e-43
    3.98557e-43
    3.18846e-43
    2.55077e-43
    2.04061e-43
    1.63249e-43
    1.30599e-43
    1.04479e-43
    8.35835e-44
    6.68668e-44
    5.34934e-44
    4.27947e-44
    3.42358e-44
    2.73886e-44
    2.19109e-44
    1.75287e-44
     1.4023e-44
    1.12184e-44
    8.97471e-45
    7.17977e-45
    5.74381e-45
    4.59505e-45
    3.67604e-45
    2.94083e-45
    2.35267e-45
    1.88213e-45
    1.50571e-45
    1.20456e-45
    9.63652e-46
    7.70921e-46
    6.16737e-46
     4.9339e-46
    3.94712e-46
    3.15769e-46
    2.52616e-46
    2.02092e-46
    1.61674e-46
    1.29339e-46
    1.03471e-46
    8.27771e-47
    6.62216e-47
    5.29773e-47
    4.23819e-47
    3.39055e-47
    2.71244e-47
    2.16995e-47
    1.73596e-47
    1.38877e-47
    1.11101e-47
    8.88812e-48
    7.11049e-48
     5.6884e-48
    4.55072e-48
    3.64057e-48
    2.91246e-48
    2.32997e-48
    1.86397e-48
    1.49118e-48
    1.19294e-48
    9.54354e-49
    7.63484e-49
    6.10787e-49
    4.88629e-49
    3.90904e-49
    3.12723e-49
    2.50178e-49
    2.00143e-49
    1.60114e-49
    1.28091e-49
    1.02473e-49
    8.19784e-50
    6.55827e-50
    5.24662e-50
     4.1973e-50
    3.35784e-50
    2.68627e-50
    2.14902e-50
    1.71921e-50
    1.37537e-50
     1.1003e-50
    8.80237e-51
    7.04189e-51
    5.63351e-51
    4.50681e-51
    3.60545e-51
    2.88436e-51
    2.30749e-51
    1.84599e-51
    1.47679e-51
    1.18143e-51
    9.45147e-52
    7.56117e-52
    6.04894e-52
    4.83915e-52
    3.87132e-52
    3.09706e-52
    2.47765e-52
    1.98212e-52
    1.58569e-52
              0
