      0.0143913
       0.056523
      0.0567745
      0.0518326
      0.0528364
      0.0448601
       0.035226
      0.0293426
      0.0235891
       0.025261
       0.020518
      0.0192188
      0.0299591
      0.0309223
      0.0309216
      0.0284745
      0.0271773
      0.0255213
      0.0245686
      0.0219272
      0.0201728
      0.0187374
      0.0190533
      0.0205113
       0.024661
      0.0255866
      0.0245747
       0.130588
       0.519714
       0.221463
       0.110561
      0.0165699
      0.0143592
       0.108526
      0.0147874
      0.0769516
      0.0130281
      0.0992556
      0.0120343
      0.0108245
     0.00980365
     0.00989697
     0.00841975
       0.102528
     0.00799665
       0.178218
      0.0517037
     0.00824299
     0.00744457
      0.0272149
     0.00776445
     0.00692571
     0.00680905
      0.0060366
     0.00632941
     0.00560967
      0.0050423
      0.0341029
      0.0175901
     0.00440526
     0.00390215
      0.0176576
     0.00398327
      0.0128441
     0.00360129
     0.00362467
     0.00288431
      0.0301106
     0.00249755
     0.00271372
     0.00297419
     0.00244481
     0.00272029
      0.0162419
      0.0360932
      0.0160924
      0.0207422
     0.00823218
      0.0196802
      0.0264164
     0.00143378
     0.00150325
     0.00132669
     0.00127258
     0.00127376
      0.0104295
      0.0074218
     0.00100575
      0.0146958
     0.00525042
    0.000930475
     0.00814539
    0.000810033
     0.00723666
      0.0120522
     0.00298023
      0.0143787
      0.0143273
      0.0147319
    0.000681182
     0.00262488
    0.000559017
     0.00479501
    0.000523412
     0.00338423
    0.000439745
    0.000468374
     0.00178345
     0.00244534
    0.000466813
    0.000465287
     0.00272718
     0.00040474
    0.000365324
     0.00894994
     0.00548825
     0.00320386
    0.000876785
     0.00225315
    0.000879699
    0.000316694
     0.00227037
    0.000274793
    0.000244577
     0.00115319
    0.000210143
    0.000193529
    0.000173344
    0.000161361
    0.000332794
    0.000146316
    0.000138683
    0.000336186
    0.000563263
    0.000414279
    0.000740234
    0.000108704
    0.000109579
     0.00144553
    0.000513226
    9.34467e-05
    8.78331e-05
    0.000300105
    0.000391948
    0.000286516
    9.07335e-05
    8.24945e-05
    8.06167e-05
    0.000337986
    6.46711e-05
    6.29637e-05
    6.04501e-05
    0.000253479
    5.54092e-05
     5.0916e-05
    4.94506e-05
    0.000138078
    4.61113e-05
    0.000239388
    0.000104677
     0.00013134
     0.00012604
    3.78443e-05
    9.65964e-05
    7.49666e-05
    3.97514e-05
    7.49868e-05
    3.41028e-05
    2.95582e-05
    2.87525e-05
    0.000313742
    6.53863e-05
    6.56297e-05
    0.000111069
    1.79877e-05
    7.80212e-05
    1.45649e-05
    1.55885e-05
    0.000121065
    1.65722e-05
    4.44103e-05
    1.59352e-05
     1.4657e-05
    1.35611e-05
    1.27353e-05
    5.32869e-05
    1.12032e-05
    2.44412e-05
    9.67437e-06
    1.36391e-05
     1.1138e-05
    1.15133e-05
    1.94313e-05
    7.18339e-05
    1.73425e-05
    8.30297e-06
    8.79705e-05
     7.2951e-06
    2.55953e-05
    1.44259e-05
     5.8114e-06
    5.20151e-06
    1.45618e-05
    5.41536e-06
    9.10354e-06
    1.57851e-05
    4.37674e-06
    4.19369e-06
    3.89439e-06
    3.22874e-06
    4.10258e-06
    3.46055e-06
    3.78262e-06
    4.41882e-06
    4.05295e-06
    5.48641e-05
    2.07497e-05
    5.03774e-06
    6.84048e-06
    3.52883e-06
    6.45854e-05
    2.39004e-06
    2.13553e-05
      1.105e-05
    1.94461e-06
    6.29627e-06
     1.9822e-06
    3.11424e-05
    2.14914e-06
      1.378e-05
    2.07692e-06
     6.0024e-06
    1.64004e-06
    1.32286e-06
    2.78134e-06
    1.36459e-06
    1.41184e-06
    1.67409e-06
    1.42481e-06
     1.9802e-06
     2.8322e-06
     1.1194e-06
    1.94203e-06
    9.60312e-07
    4.07964e-06
    8.33226e-07
    3.68543e-06
    8.71111e-07
     1.5227e-06
    8.34646e-07
    3.17028e-06
    7.33225e-07
    1.68124e-06
    9.36785e-07
     1.9601e-06
    5.37791e-06
    5.44479e-07
    2.05648e-05
    1.45738e-05
    1.81453e-06
    1.84968e-06
    1.39296e-05
    7.75504e-07
    8.65614e-07
    1.80079e-06
    1.99598e-06
    2.38613e-06
    9.69448e-07
    1.48091e-05
    3.24768e-06
    4.98594e-06
    5.58965e-07
    3.83638e-07
    3.81649e-07
    3.40557e-07
    9.36412e-07
     2.6277e-07
    3.15351e-06
     3.9213e-07
      4.002e-07
    3.22441e-07
    1.48811e-06
    5.19954e-06
    2.22405e-07
    3.87997e-07
    2.43388e-07
    2.88974e-07
    1.84025e-07
    1.53643e-07
    1.58229e-07
    1.87388e-07
    1.35605e-07
    1.18077e-07
    1.06593e-07
    1.45023e-07
    9.56197e-08
    1.69329e-07
    1.18458e-07
     5.1494e-07
    1.55794e-07
    3.62714e-07
    7.86683e-08
    2.64878e-07
    6.48173e-08
    6.23364e-08
    1.83968e-07
    9.16141e-08
    1.49441e-07
    1.45347e-07
    1.73364e-07
    2.22792e-07
    6.52038e-08
    6.41308e-08
    5.19696e-08
    5.14587e-08
    1.09411e-07
    5.06792e-08
    5.18205e-08
    6.39474e-08
    2.41445e-07
    6.36413e-08
     5.4838e-08
    2.38251e-07
    9.52676e-08
     4.9193e-08
    1.05937e-07
    4.98855e-08
    3.35423e-08
    3.68576e-08
    7.94886e-08
    3.63226e-08
    6.70503e-08
     4.3363e-08
     3.3348e-08
    3.09454e-08
    2.77315e-08
    2.45082e-08
    1.56101e-07
    2.15408e-08
    2.03199e-08
    2.98279e-08
    3.73691e-08
    2.62148e-08
    2.49825e-08
     3.0961e-08
    2.66454e-08
    1.80951e-08
    1.57112e-08
    1.61812e-08
    1.15042e-08
    1.06118e-08
    9.86022e-08
    2.14291e-08
    3.50621e-08
    6.40439e-08
    1.36205e-08
    3.79471e-08
    1.22843e-08
    1.29999e-08
    9.34378e-09
    2.68503e-08
    8.34002e-09
    6.77563e-09
    3.55531e-08
     6.3043e-09
    8.71183e-09
    9.27801e-09
     1.0625e-08
     6.0902e-09
    7.69973e-09
    5.22014e-09
    1.07718e-08
    7.48025e-09
    4.25948e-09
    6.36571e-09
    7.42811e-09
    1.88896e-08
    1.12778e-08
    6.16208e-09
    4.43089e-09
    1.18334e-08
    4.62589e-09
    4.30334e-09
    4.82401e-09
    2.90276e-09
    2.51756e-09
    2.57585e-09
    2.49911e-09
    2.31921e-09
    3.03104e-09
    2.95607e-09
    3.09225e-09
    2.52366e-09
    2.16781e-09
    2.39437e-09
     2.0892e-09
    1.68258e-09
     3.5057e-09
    9.98796e-09
      1.892e-09
    9.91157e-09
    1.93539e-09
    2.38656e-09
     1.9113e-09
    1.87064e-09
    1.81198e-09
    1.28351e-09
    1.08651e-09
    9.54338e-10
    8.55547e-10
    9.19137e-10
     8.4584e-10
    1.31934e-09
    9.65629e-10
    3.90813e-09
    9.08979e-10
    8.55705e-10
    7.42302e-10
     6.6089e-09
    7.08859e-10
    4.58057e-09
    6.01884e-08
    7.81694e-10
    7.57614e-10
    8.18019e-10
    7.94218e-10
    6.49305e-10
    4.14184e-08
    6.28044e-10
    5.92259e-10
    4.67884e-10
    7.55233e-09
    3.23975e-10
    3.01338e-10
     3.5493e-10
    3.06489e-10
     4.1809e-10
    3.84299e-10
    4.49778e-10
    3.95784e-10
    3.63424e-10
    3.22461e-10
    2.79431e-10
    2.64272e-10
     2.4452e-10
    1.96859e-10
    3.37294e-10
    9.08112e-09
    2.84987e-10
    3.19094e-10
    2.64242e-10
    2.94084e-10
    2.26019e-10
    2.41662e-10
    1.83156e-10
    1.65637e-10
    1.31485e-10
    1.47509e-10
    1.41109e-10
    1.86675e-10
    1.91763e-10
    1.84359e-10
    1.57008e-10
    1.57904e-10
    1.30239e-10
    1.25565e-10
    1.07114e-10
    1.10607e-10
    1.00876e-10
    1.54442e-10
    1.05871e-10
    1.67802e-10
    1.32958e-10
    1.25455e-10
    1.05405e-10
    1.27132e-10
    9.05011e-11
    1.00785e-10
    7.06749e-11
    5.75808e-11
    4.88229e-11
    5.71254e-11
    5.51903e-11
    7.19353e-11
     6.6157e-11
    7.30132e-11
    6.07137e-11
    5.76791e-11
     4.8818e-11
    4.36797e-11
    3.62424e-11
    3.01035e-11
    2.66515e-11
    5.48151e-11
    4.17729e-11
    6.28954e-11
    5.33515e-11
     4.7842e-11
    4.16898e-11
    5.24966e-11
    3.65192e-11
    3.32403e-11
    2.37034e-11
    1.83222e-11
    2.20236e-11
    2.00411e-11
     2.6644e-11
    2.69109e-11
    2.64242e-11
     2.7069e-11
    2.34144e-11
    2.05282e-11
    1.90156e-11
    1.70115e-11
    1.46688e-11
    1.20286e-11
    2.56318e-11
    1.46216e-11
    2.92606e-11
    1.93744e-11
    2.04438e-11
    1.59158e-11
    1.38309e-11
    1.09853e-11
    8.94956e-12
    7.14698e-12
    5.73845e-12
     4.5891e-12
    6.91225e-12
    6.12947e-12
    1.00455e-11
    9.58213e-12
    1.12515e-11
    9.00288e-12
    7.69446e-12
    6.13845e-12
    4.96674e-12
    3.97286e-12
    3.18465e-12
    2.54783e-12
    9.36828e-12
    5.81915e-12
     1.0649e-11
    7.17117e-12
    6.74379e-12
    5.33514e-12
    4.40987e-12
    3.51666e-12
    2.83083e-12
    2.26249e-12
    1.81206e-12
     1.4493e-12
    2.65712e-12
    3.42129e-12
    3.54094e-12
    3.36328e-12
    2.84779e-12
    2.35297e-12
    1.90581e-12
    1.53427e-12
    1.23056e-12
    9.85665e-13
    7.88936e-13
    4.02036e-12
    1.95041e-12
     4.2291e-12
    2.46367e-12
    2.23183e-12
    1.74207e-12
    1.40213e-12
    1.11885e-12
    8.94517e-13
     7.1515e-13
    5.71948e-13
    4.57475e-13
    1.05837e-12
    9.74942e-13
    1.53529e-12
    1.36731e-12
    1.32472e-12
    1.10415e-12
    9.13397e-13
    7.38216e-13
    5.94298e-13
    4.76491e-13
    3.81655e-13
    3.05461e-13
    1.81153e-12
    8.63876e-13
     8.5951e-13
    6.60424e-13
    5.34464e-13
    4.25992e-13
     3.4055e-13
    2.72191e-13
     2.1766e-13
    1.74083e-13
     1.3925e-13
    1.11392e-13
    8.91114e-14
    7.12881e-14
    5.70301e-14
    4.56239e-14
    3.64991e-14
    2.91993e-14
    2.33594e-14
    1.86875e-14
      1.495e-14
      1.196e-14
    9.56801e-15
    7.65441e-15
    6.12353e-15
    4.89882e-15
    3.91906e-15
    3.13525e-15
     2.5082e-15
    2.00656e-15
    1.60525e-15
     1.2842e-15
    1.02736e-15
    8.21886e-16
    6.57509e-16
    5.26007e-16
    4.20805e-16
    3.36644e-16
    2.69316e-16
    2.15452e-16
    1.72362e-16
     1.3789e-16
    1.10312e-16
    8.82493e-17
    7.05994e-17
    5.64796e-17
    4.51836e-17
    3.61469e-17
    2.89175e-17
     2.3134e-17
    1.85072e-17
    1.48058e-17
    1.18446e-17
     9.4757e-18
    7.58056e-18
    6.06445e-18
    4.85156e-18
    3.88125e-18
      3.105e-18
      2.484e-18
     1.9872e-18
    1.58976e-18
    1.27181e-18
    1.01745e-18
    8.13956e-19
    6.51165e-19
    5.20932e-19
    4.16746e-19
    3.33396e-19
    2.66717e-19
    2.13374e-19
    1.70699e-19
    1.36559e-19
    1.09247e-19
    8.73979e-20
    6.99183e-20
    5.59346e-20
    4.47477e-20
    3.57982e-20
    2.86385e-20
    2.29108e-20
    1.83287e-20
    1.46629e-20
    1.17303e-20
    9.38427e-21
    7.50742e-21
    6.00594e-21
    4.80475e-21
     3.8438e-21
    3.07504e-21
    2.46003e-21
    1.96802e-21
    1.57442e-21
    1.25954e-21
    1.00763e-21
    8.06103e-22
    6.44882e-22
    5.15906e-22
    4.12725e-22
     3.3018e-22
    2.64144e-22
    2.11315e-22
    1.69052e-22
    1.35242e-22
    1.08193e-22
    8.65546e-23
    6.92437e-23
     5.5395e-23
     4.4316e-23
    3.54528e-23
    2.83622e-23
    2.26898e-23
    1.81518e-23
    1.45215e-23
    1.16172e-23
    9.29373e-24
    7.43499e-24
    5.94799e-24
    4.75839e-24
    3.80671e-24
    3.04537e-24
     2.4363e-24
    1.94904e-24
    1.55923e-24
    1.24738e-24
    9.97907e-25
    7.98326e-25
    6.38661e-25
    5.10928e-25
    4.08743e-25
    3.26994e-25
    2.61595e-25
    2.09276e-25
    1.67421e-25
    1.33937e-25
    1.07149e-25
    8.57196e-26
    6.85756e-26
    5.48605e-26
    4.38884e-26
    3.51107e-26
    2.80886e-26
    2.24709e-26
    1.79767e-26
    1.43814e-26
    1.15051e-26
    9.20407e-27
    7.36325e-27
     5.8906e-27
    4.71248e-27
    3.76999e-27
    3.01599e-27
    2.41279e-27
    1.93023e-27
    1.54419e-27
    1.23535e-27
    9.88279e-28
    7.90623e-28
    6.32499e-28
    5.05999e-28
    4.04799e-28
    3.23839e-28
    2.59071e-28
    2.07257e-28
    1.65806e-28
    1.32645e-28
    1.06116e-28
    8.48925e-29
     6.7914e-29
    5.43312e-29
     4.3465e-29
     3.4772e-29
    2.78176e-29
    2.22541e-29
    1.78033e-29
    1.42426e-29
    1.13941e-29
    9.11527e-30
    7.29221e-30
    5.83377e-30
    4.66702e-30
    3.73361e-30
    2.98689e-30
    2.38951e-30
    1.91161e-30
    1.52929e-30
    1.22343e-30
    9.78744e-31
    7.82995e-31
    6.26396e-31
    5.01117e-31
    4.00894e-31
    3.20715e-31
    2.56572e-31
    2.05258e-31
    1.64206e-31
    1.31365e-31
    1.05092e-31
    8.40735e-32
    6.72588e-32
     5.3807e-32
    4.30456e-32
    3.44365e-32
    2.75492e-32
    2.20394e-32
    1.76315e-32
    1.41052e-32
    1.12842e-32
    9.02732e-33
    7.22186e-33
    5.77749e-33
    4.62199e-33
    3.69759e-33
    2.95807e-33
    2.36646e-33
    1.89317e-33
    1.51453e-33
    1.21163e-33
    9.69301e-34
    7.75441e-34
    6.20353e-34
    4.96282e-34
    3.97026e-34
    3.17621e-34
    2.54096e-34
    2.03277e-34
    1.62622e-34
    1.30097e-34
    1.04078e-34
    8.32623e-35
    6.66099e-35
    5.32879e-35
    4.26303e-35
    3.41043e-35
    2.72834e-35
    2.18267e-35
    1.74614e-35
    1.39691e-35
    1.11753e-35
    8.94022e-36
    7.15218e-36
    5.72174e-36
    4.57739e-36
    3.66192e-36
    2.92953e-36
    2.34363e-36
     1.8749e-36
    1.49992e-36
    1.19994e-36
    9.59949e-37
    7.67959e-37
    6.14368e-37
    4.91494e-37
    3.93195e-37
    3.14556e-37
    2.51645e-37
    2.01316e-37
    1.61053e-37
    1.28842e-37
    1.03074e-37
     8.2459e-38
    6.59672e-38
    5.27738e-38
     4.2219e-38
    3.37752e-38
    2.70202e-38
    2.16161e-38
    1.72929e-38
    1.38343e-38
    1.10675e-38
    8.85397e-39
    7.08317e-39
    5.66654e-39
    4.53323e-39
    3.62659e-39
    2.90127e-39
    2.32101e-39
    1.85681e-39
    1.48545e-39
    1.18836e-39
    9.50688e-40
     7.6055e-40
     6.0844e-40
    4.86752e-40
    3.89402e-40
    3.11521e-40
    2.49217e-40
    1.99374e-40
    1.59499e-40
    1.27599e-40
    1.02079e-40
    8.16634e-41
    6.53308e-41
    5.22646e-41
    4.18117e-41
    3.34493e-41
    2.67595e-41
    2.14076e-41
    1.71261e-41
    1.37009e-41
    1.09607e-41
    8.76854e-42
    7.01484e-42
    5.61187e-42
    4.48949e-42
     3.5916e-42
    2.87328e-42
    2.29862e-42
     1.8389e-42
    1.47112e-42
    1.17689e-42
    9.41515e-43
    7.53212e-43
     6.0257e-43
    4.82056e-43
    3.85645e-43
    3.08516e-43
    2.46813e-43
     1.9745e-43
     1.5796e-43
    1.26368e-43
    1.01094e-43
    8.08755e-44
    6.47004e-44
    5.17603e-44
    4.14083e-44
    3.31266e-44
    2.65013e-44
     2.1201e-44
    1.69608e-44
    1.35687e-44
    1.08549e-44
    8.68394e-45
    6.94716e-45
    5.55772e-45
    4.44618e-45
    3.55694e-45
    2.84556e-45
    2.27644e-45
    1.82116e-45
    1.45692e-45
    1.16554e-45
    9.32431e-46
    7.45945e-46
    5.96756e-46
    4.77405e-46
    3.81924e-46
    3.05539e-46
    2.44431e-46
    1.95545e-46
    1.56436e-46
    1.25149e-46
    1.00119e-46
    8.00952e-47
    6.40762e-47
     5.1261e-47
    4.10088e-47
     3.2807e-47
    2.62456e-47
    2.09965e-47
    1.67972e-47
    1.34378e-47
    1.07502e-47
    8.60016e-48
    6.88013e-48
     5.5041e-48
    4.40328e-48
    3.52263e-48
     2.8181e-48
    2.25448e-48
    1.80358e-48
    1.44287e-48
    1.15429e-48
    9.23435e-49
    7.38748e-49
    5.90999e-49
    4.72799e-49
    3.78239e-49
    3.02591e-49
    2.42073e-49
    1.93658e-49
    1.54927e-49
    1.23941e-49
    9.91531e-50
    7.93225e-50
     6.3458e-50
    5.07664e-50
    4.06131e-50
    3.24905e-50
    2.59924e-50
    2.07939e-50
    1.66351e-50
    1.33081e-50
    1.06465e-50
    8.51719e-51
    6.81375e-51
      5.451e-51
     4.3608e-51
    3.48864e-51
    2.79091e-51
    2.23273e-51
    1.78618e-51
    1.42895e-51
    1.14316e-51
    9.14526e-52
    7.31621e-52
    5.85297e-52
    4.68237e-52
     3.7459e-52
    2.99672e-52
    2.39737e-52
     1.9179e-52
              0
