      0.0101735
      0.0405623
      0.0411806
      0.0361154
      0.0342011
      0.0308057
      0.0231647
      0.0196753
      0.0158183
       0.014762
      0.0121952
      0.0149714
      0.0179776
      0.0201971
       0.023295
      0.0215343
      0.0211158
      0.0194873
      0.0183039
      0.0161713
      0.0149648
      0.0139946
       0.013818
      0.0134086
        0.21841
      0.0154324
       0.154552
      0.0150605
        0.20215
      0.0145058
      0.0755194
      0.0125614
       0.190913
       0.261425
     0.00924497
       0.115634
     0.00881948
       0.072054
     0.00838597
     0.00849995
      0.0713062
     0.00660885
        0.05014
     0.00609447
      0.0991927
     0.00512047
      0.0644288
      0.0052282
     0.00511589
     0.00494755
      0.0254765
      0.0345961
      0.0245547
      0.0612206
     0.00407341
       0.023964
     0.00326865
     0.00320989
      0.0768151
      0.0030206
      0.0164778
     0.00275362
      0.0026339
     0.00246459
       0.022545
      0.0161402
      0.0341854
      0.0019807
     0.00169903
      0.0217946
     0.00191029
     0.00182932
      0.0218883
      0.0154756
      0.0108483
      0.0216726
      0.0258824
      0.0150197
      0.0148029
      0.0147243
      0.0239687
    0.000995331
      0.0165978
     0.00088513
     0.00102072
     0.00085288
    0.000770829
      0.0237053
    0.000716576
    0.000697277
      0.0143492
    0.000645553
     0.00689663
    0.000624711
    0.000603292
    0.000618847
     0.00625952
      0.0174406
     0.00481747
     0.00243689
     0.00441815
     0.00333584
    0.000350435
     0.00171979
    0.000295757
     0.00167895
    0.000332041
     0.00229102
     0.00501154
     0.00028736
     0.00363809
     0.00592806
    0.000260407
     0.00469709
     0.00316076
     0.00218524
    0.000190755
     0.00110433
    0.000205767
     0.00018779
     0.00217086
    0.000172151
      0.0010823
    0.000161172
     0.00106933
     0.00148118
      0.0021141
    0.000542071
    0.000123152
      0.0010192
    0.000534743
    0.000102381
    0.000396044
       0.001011
    8.81023e-05
    8.06705e-05
    0.000270638
     0.00100053
    7.35368e-05
    0.000354346
     7.3057e-05
    0.000494317
    7.09145e-05
    0.000359383
    6.62281e-05
    5.63335e-05
    5.40485e-05
    0.000675792
    0.000333287
    4.40841e-05
    4.01273e-05
    0.000240677
    3.81742e-05
    0.000468067
    3.81086e-05
    3.97625e-05
    3.92147e-05
    0.000126212
    3.21319e-05
    3.30738e-05
    3.02117e-05
    9.23602e-05
    0.000123844
    0.000313254
    2.71596e-05
    0.000221777
    2.45964e-05
    2.49862e-05
    2.26321e-05
    1.99259e-05
    0.000216029
    0.000108123
    0.000107965
    0.000146996
    1.29297e-05
    1.23856e-05
    1.08713e-05
    0.000211123
     4.1679e-05
    1.34972e-05
    1.21884e-05
    1.16466e-05
    1.13085e-05
    7.20327e-05
    8.95426e-06
    4.97217e-05
    1.64584e-05
    9.12249e-06
    1.66206e-05
    9.52422e-06
     7.3764e-06
    8.10575e-06
     7.4704e-05
    0.000140269
    5.84544e-06
    5.18336e-06
    4.76161e-06
    9.57632e-05
    9.94839e-06
    9.52066e-05
    4.12605e-06
    7.47586e-05
    3.90871e-06
    4.05091e-06
    3.79741e-06
     3.6027e-06
    1.65828e-05
    1.62609e-05
    8.79584e-06
    7.03303e-05
    5.23863e-06
    1.67473e-05
    2.36142e-06
    1.24014e-05
    2.38889e-06
    2.42699e-06
    1.25201e-05
    2.00403e-06
    2.35826e-06
    1.09781e-05
    7.89241e-06
    1.54975e-06
    1.47772e-05
    1.44667e-06
    1.54511e-06
    1.08349e-05
     1.5015e-06
    1.66307e-06
    1.38938e-06
    1.44425e-05
    1.30035e-06
    1.19881e-06
    1.15378e-06
    9.23589e-07
    1.01146e-06
     1.6173e-06
    1.45778e-06
    1.24982e-06
    1.10921e-06
    1.77677e-06
    8.40021e-06
    7.30375e-07
    2.03002e-05
    1.20279e-06
    7.36719e-07
    6.61252e-06
    3.41756e-06
    6.25646e-07
    1.22725e-06
    1.49782e-06
    8.24931e-07
    2.44891e-06
    2.74791e-06
    4.25236e-07
     1.9856e-05
     1.3581e-05
    7.64615e-07
    3.47522e-06
    4.99698e-07
    1.39689e-05
     9.4566e-06
     4.1459e-07
      4.098e-07
    4.13705e-07
    2.14441e-06
    7.02929e-06
    3.42959e-07
    3.27691e-06
    4.89484e-07
    2.88598e-07
    6.55743e-06
    6.59375e-06
    7.01215e-06
    2.60489e-07
    3.02647e-06
    2.05082e-07
    1.95357e-06
    1.66767e-07
    1.44902e-06
    9.12758e-06
    2.63663e-07
     3.3406e-07
    2.11425e-06
    1.46403e-07
    8.94149e-07
    1.67994e-07
    1.03289e-06
    1.11159e-07
    1.14958e-07
     1.9452e-07
    3.75938e-07
    5.95607e-06
    3.01836e-07
    8.73402e-08
    1.27306e-07
    1.30609e-07
    9.48789e-08
    9.96205e-07
    1.21175e-07
    6.69746e-07
    6.13026e-08
    5.38907e-08
    4.66204e-07
    4.81531e-08
    1.98838e-07
    7.43421e-08
    1.84156e-07
    6.20135e-08
    6.43067e-08
    4.91306e-08
    4.88629e-08
    9.85174e-08
    1.68106e-07
    1.51917e-07
    1.33636e-06
    3.32908e-08
     3.4166e-08
    2.86075e-08
    4.47062e-08
    4.96513e-08
     2.3681e-07
    3.33042e-08
    3.58911e-07
    2.67824e-08
    3.02424e-07
    5.40556e-08
    2.15355e-08
    3.80479e-08
    3.97072e-08
    2.45071e-08
    2.09056e-08
    2.29077e-08
    2.08271e-08
    1.84433e-08
    1.75374e-08
    1.58675e-08
    1.40956e-08
    1.72682e-08
    1.29266e-08
    9.41688e-08
    1.35823e-08
    1.23052e-08
    1.42872e-08
    1.29635e-08
    2.64586e-08
    1.78085e-08
    1.34475e-08
    1.14555e-08
    8.78378e-09
    7.58909e-09
    2.53092e-08
    6.73607e-09
    2.52207e-08
    5.05244e-08
    1.71262e-08
    7.78191e-09
    9.16829e-09
    6.54708e-09
    1.04483e-08
    6.64052e-08
    2.41776e-08
    4.35074e-09
    1.30733e-08
    6.60052e-09
    6.42052e-08
    1.40986e-08
    4.35535e-09
    4.72506e-09
     7.3357e-09
    4.04479e-09
    3.91981e-09
    3.55087e-09
    3.30511e-09
    4.00314e-09
    4.30298e-09
    2.84627e-09
    3.56644e-09
    3.17859e-09
    3.61758e-09
    4.77201e-09
     3.0397e-09
    2.79481e-09
    2.75357e-09
    2.21304e-09
    2.10371e-09
    1.66913e-09
     1.7297e-09
    2.10191e-09
    1.63586e-09
    3.48215e-09
    1.88736e-09
    2.01539e-09
    1.89847e-09
     1.5459e-09
      1.699e-09
    1.31834e-09
    1.18005e-09
       6.92e-09
    9.00263e-10
    1.17304e-09
    1.99911e-09
    6.74369e-09
    1.69103e-09
    1.29641e-09
    1.11839e-09
    1.12907e-09
    8.06417e-10
    7.63522e-10
    1.94345e-09
    5.88482e-10
    8.98657e-10
    6.09946e-10
    9.91079e-10
    6.79163e-10
     8.7415e-10
    1.85425e-09
    6.63772e-10
    5.85765e-10
      5.254e-10
    4.28316e-10
    4.18756e-10
    3.24006e-10
    4.89864e-10
     6.0058e-10
    5.11495e-10
    2.49663e-09
    4.86342e-10
    2.46021e-09
    4.26747e-10
    4.78792e-10
    3.03982e-10
    2.11984e-09
    2.08308e-09
    2.06304e-10
    3.79382e-10
    2.51431e-10
    4.44037e-10
    2.85535e-10
    3.68138e-10
    2.15956e-09
    1.52288e-09
    2.44682e-10
    1.98391e-10
    1.77692e-10
    1.51794e-10
    1.31943e-10
    8.87425e-09
    1.30545e-08
    1.99219e-10
     2.5111e-10
    4.20846e-09
    2.30333e-10
    8.83133e-09
    1.72968e-10
    1.19156e-10
    1.07156e-10
    8.75769e-11
    4.16729e-09
    1.17196e-10
    1.50611e-10
    1.54585e-10
    1.56623e-10
    1.12771e-10
    1.32496e-10
    9.60244e-11
    1.01057e-10
    7.89203e-11
    6.68067e-11
    5.58611e-11
    8.94944e-11
    6.82875e-11
    1.32492e-10
    1.13284e-10
    9.55945e-11
    7.36947e-11
    8.12661e-11
    5.82895e-11
    6.16501e-11
    4.43607e-11
    3.77452e-11
    4.68159e-11
    6.89389e-11
    4.83695e-11
    7.78358e-11
    5.42156e-11
    6.46737e-11
    4.37656e-11
    5.09307e-11
    3.71059e-11
     3.4421e-11
    2.62072e-11
    2.06513e-11
    1.89223e-11
    3.05711e-11
    3.91246e-11
    4.43834e-11
    4.62667e-11
    3.57669e-11
    2.95266e-11
    2.68797e-11
    2.12739e-11
    1.80329e-11
     1.4362e-11
    1.17513e-11
    2.98348e-11
    1.95728e-11
    2.91474e-11
    2.43311e-11
    2.07376e-11
    2.39892e-11
    1.93497e-11
      1.648e-11
    1.68484e-11
    1.28406e-11
    1.03975e-11
    8.21981e-12
    1.44001e-11
    1.02145e-11
    2.09193e-11
     1.4197e-11
    1.64237e-11
     1.1134e-11
    9.60573e-12
    7.39893e-12
    6.00122e-12
    4.76609e-12
    3.82211e-12
    3.05356e-12
    9.69886e-12
    5.52692e-12
    1.25736e-11
    8.29176e-12
    1.00167e-11
    6.35086e-12
    5.30103e-12
    4.13328e-12
    3.32267e-12
    2.64852e-12
    2.12019e-12
    1.69516e-12
    4.96989e-12
    4.82436e-12
    6.53075e-12
    4.96174e-12
    4.71474e-12
    3.60926e-12
    2.96367e-12
    2.34625e-12
    1.88572e-12
    1.50541e-12
    1.20536e-12
    9.63897e-13
    4.12594e-12
    4.54997e-12
    3.12384e-12
    2.56638e-12
     2.0154e-12
    1.60949e-12
    1.28387e-12
    1.02615e-12
    8.20473e-13
     6.5623e-13
    5.24927e-13
    2.09086e-12
      1.396e-12
     2.3664e-12
    1.70321e-12
    1.44359e-12
    1.15485e-12
    9.26639e-13
    7.42292e-13
     5.9389e-13
    4.75255e-13
    3.80203e-13
    3.04179e-13
    1.79455e-12
    9.58482e-13
    1.90741e-12
    1.17424e-12
    9.98815e-13
    7.78501e-13
    6.23197e-13
    4.96961e-13
    3.97278e-13
    3.17654e-13
    2.54071e-13
    2.03236e-13
    9.35224e-13
    6.20238e-13
    5.48611e-13
    4.38069e-13
    3.52276e-13
    2.82365e-13
    2.25932e-13
    1.80829e-13
    1.44662e-13
    1.15739e-13
    9.25913e-14
    7.40741e-14
    5.92593e-14
    4.74075e-14
     3.7926e-14
    3.03408e-14
    2.42727e-14
    1.94181e-14
    1.55345e-14
    1.24276e-14
    9.94208e-15
    7.95366e-15
    6.36293e-15
    5.09035e-15
    4.07228e-15
    3.25782e-15
    2.60626e-15
    2.08501e-15
      1.668e-15
     1.3344e-15
    1.06752e-15
    8.54018e-16
    6.83215e-16
    5.46572e-16
    4.37257e-16
    3.49806e-16
    2.79845e-16
    2.23876e-16
    1.79101e-16
     1.4328e-16
    1.14624e-16
    9.16995e-17
    7.33596e-17
    5.86877e-17
    4.69501e-17
    3.75601e-17
    3.00481e-17
    2.40385e-17
    1.92308e-17
    1.53846e-17
    1.23077e-17
    9.84616e-18
    7.87693e-18
    6.30154e-18
    5.04123e-18
    4.03299e-18
    3.22639e-18
    2.58111e-18
    2.06489e-18
    1.65191e-18
    1.32153e-18
    1.05722e-18
    8.45779e-19
    6.76623e-19
    5.41298e-19
    4.33039e-19
    3.46431e-19
    2.77145e-19
    2.21716e-19
    1.77373e-19
    1.41898e-19
    1.13518e-19
    9.08148e-20
    7.26518e-20
    5.81215e-20
    4.64972e-20
    3.71977e-20
    2.97582e-20
    2.38065e-20
    1.90452e-20
    1.52362e-20
     1.2189e-20
    9.75116e-21
    7.80093e-21
    6.24074e-21
    4.99259e-21
    3.99408e-21
    3.19526e-21
    2.55621e-21
    2.04497e-21
    1.63597e-21
    1.30878e-21
    1.04702e-21
    8.37618e-22
    6.70095e-22
    5.36076e-22
    4.28861e-22
    3.43088e-22
    2.74471e-22
    2.19577e-22
    1.75661e-22
    1.40529e-22
    1.12423e-22
    8.99386e-23
    7.19509e-23
    5.75607e-23
    4.60486e-23
    3.68388e-23
    2.94711e-23
    2.35769e-23
    1.88615e-23
    1.50892e-23
    1.20714e-23
    9.65708e-24
    7.72567e-24
    6.18053e-24
    4.94443e-24
    3.95554e-24
    3.16443e-24
    2.53155e-24
    2.02524e-24
    1.62019e-24
    1.29615e-24
    1.03692e-24
    8.29537e-25
     6.6363e-25
    5.30904e-25
    4.24723e-25
    3.39778e-25
    2.71823e-25
    2.17458e-25
    1.73967e-25
    1.39173e-25
    1.11339e-25
    8.90709e-26
    7.12567e-26
    5.70053e-26
    4.56043e-26
    3.64834e-26
    2.91867e-26
    2.33494e-26
    1.86795e-26
    1.49436e-26
    1.19549e-26
    9.56391e-27
    7.65113e-27
     6.1209e-27
    4.89672e-27
    3.91738e-27
     3.1339e-27
    2.50712e-27
     2.0057e-27
    1.60456e-27
    1.28365e-27
    1.02692e-27
    8.21534e-28
    6.57227e-28
    5.25781e-28
    4.20625e-28
      3.365e-28
      2.692e-28
     2.1536e-28
    1.72288e-28
     1.3783e-28
    1.10264e-28
    8.82115e-29
    7.05692e-29
    5.64554e-29
    4.51643e-29
    3.61314e-29
    2.89051e-29
    2.31241e-29
    1.84993e-29
    1.47994e-29
    1.18395e-29
    9.47164e-30
    7.57731e-30
    6.06185e-30
    4.84948e-30
    3.87958e-30
    3.10367e-30
    2.48293e-30
    1.98635e-30
    1.58908e-30
    1.27126e-30
    1.01701e-30
    8.13607e-31
    6.50886e-31
    5.20709e-31
    4.16567e-31
    3.33254e-31
    2.66603e-31
    2.13282e-31
    1.70626e-31
    1.36501e-31
    1.09201e-31
    8.73604e-32
    6.98883e-32
    5.59107e-32
    4.47285e-32
    3.57828e-32
    2.86263e-32
     2.2901e-32
    1.83208e-32
    1.46566e-32
    1.17253e-32
    9.38025e-33
     7.5042e-33
    6.00336e-33
    4.80269e-33
    3.84215e-33
    3.07372e-33
    2.45898e-33
    1.96718e-33
    1.57375e-33
      1.259e-33
     1.0072e-33
    8.05758e-34
    6.44606e-34
    5.15685e-34
    4.12548e-34
    3.30038e-34
    2.64031e-34
    2.11225e-34
     1.6898e-34
    1.35184e-34
    1.08147e-34
    8.65176e-35
     6.9214e-35
    5.53712e-35
     4.4297e-35
    3.54376e-35
    2.83501e-35
    2.26801e-35
     1.8144e-35
    1.45152e-35
    1.16122e-35
    9.28975e-36
     7.4318e-36
    5.94544e-36
    4.75635e-36
    3.80508e-36
    3.04407e-36
    2.43525e-36
     1.9482e-36
    1.55856e-36
    1.24685e-36
    9.97479e-37
    7.97984e-37
    6.38387e-37
    5.10709e-37
    4.08568e-37
    3.26854e-37
    2.61483e-37
    2.09187e-37
    1.67349e-37
    1.33879e-37
    1.07104e-37
    8.56828e-38
    6.85463e-38
     5.4837e-38
    4.38696e-38
    3.50957e-38
    2.80765e-38
    2.24612e-38
     1.7969e-38
    1.43752e-38
    1.15002e-38
    9.20012e-39
     7.3601e-39
    5.88808e-39
    4.71046e-39
    3.76837e-39
     3.0147e-39
    2.41176e-39
    1.92941e-39
    1.54352e-39
    1.23482e-39
    9.87856e-40
    7.90285e-40
    6.32228e-40
    5.05782e-40
    4.04626e-40
    3.23701e-40
     2.5896e-40
    2.07168e-40
    1.65735e-40
    1.32588e-40
     1.0607e-40
    8.48562e-41
    6.78849e-41
    5.43079e-41
    4.34464e-41
    3.47571e-41
    2.78057e-41
    2.22445e-41
    1.77956e-41
    1.42365e-41
    1.13892e-41
    9.11136e-42
    7.28909e-42
    5.83127e-42
    4.66502e-42
    3.73201e-42
    2.98561e-42
    2.38849e-42
    1.91079e-42
    1.52863e-42
    1.22291e-42
    9.78325e-43
     7.8266e-43
    6.26128e-43
    5.00902e-43
    4.00722e-43
    3.20577e-43
    2.56462e-43
     2.0517e-43
    1.64136e-43
    1.31309e-43
    1.05047e-43
    8.40375e-44
      6.723e-44
     5.3784e-44
    4.30272e-44
    3.44217e-44
    2.75374e-44
    2.20299e-44
    1.76239e-44
    1.40991e-44
    1.12793e-44
    9.02345e-45
    7.21876e-45
    5.77501e-45
    4.62001e-45
    3.69601e-45
     2.9568e-45
    2.36544e-45
    1.89236e-45
    1.51388e-45
    1.21111e-45
    9.68886e-46
    7.75109e-46
    6.20087e-46
     4.9607e-46
    3.96856e-46
    3.17484e-46
    2.53988e-46
     2.0319e-46
    1.62552e-46
    1.30042e-46
    1.04033e-46
    8.32267e-47
    6.65813e-47
    5.32651e-47
     4.2612e-47
    3.40896e-47
    2.72717e-47
    2.18174e-47
    1.74539e-47
    1.39631e-47
    1.11705e-47
    8.93639e-48
    7.14911e-48
    5.71929e-48
    4.57543e-48
    3.66035e-48
    2.92828e-48
    2.34262e-48
     1.8741e-48
    1.49928e-48
    1.19942e-48
    9.59538e-49
     7.6763e-49
    6.14104e-49
    4.91283e-49
    3.93027e-49
    3.14421e-49
    2.51537e-49
     2.0123e-49
    1.60984e-49
    1.28787e-49
     1.0303e-49
    8.24237e-50
    6.59389e-50
    5.27512e-50
    4.22009e-50
    3.37607e-50
    2.70086e-50
    2.16069e-50
    1.72855e-50
    1.38284e-50
    1.10627e-50
    8.85017e-51
    7.08014e-51
    5.66411e-51
    4.53129e-51
    3.62503e-51
    2.90003e-51
    2.32002e-51
    1.85602e-51
    1.48481e-51
    1.18785e-51
     9.5028e-52
    7.60224e-52
    6.08179e-52
    4.86543e-52
    3.89235e-52
    3.11388e-52
     2.4911e-52
    1.99288e-52
    1.59431e-52
    1.27544e-52
              0
