     0.00889058
       0.035681
      0.0359911
      0.0289269
      0.0277259
      0.0222551
      0.0178192
       0.014544
      0.0118817
     0.00988167
     0.00861176
      0.0116371
      0.0154446
      0.0171426
      0.0182958
      0.0161863
      0.0170994
      0.0148033
      0.0139229
      0.0128804
       0.149592
      0.0107492
       0.010798
       0.213341
       0.445897
       0.105297
      0.0117923
       0.010022
       0.010187
       0.137586
     0.00905917
       0.146606
      0.0074611
       0.208866
      0.0504084
      0.0931582
      0.0712727
     0.00648168
     0.00639224
      0.0352906
      0.0490339
     0.00484702
     0.00495075
       0.068305
       0.141289
      0.0471591
       0.140757
     0.00374843
     0.00377491
      0.0330817
     0.00381611
      0.0033998
     0.00328138
      0.0326045
     0.00309106
     0.00265498
      0.0225053
      0.0223211
     0.00211148
      0.0317773
       0.015781
     0.00223433
     0.00203563
      0.0654377
      0.0155314
      0.0218297
     0.00151524
      0.0106994
      0.0105879
      0.0013768
      0.0106581
      0.0105831
       0.010628
       0.010582
     0.00118165
     0.00112475
      0.0103415
      0.0102701
        0.00717
      0.0187337
    0.000686441
     0.00498493
    0.000686445
    0.000715291
    0.000670974
    0.000647651
      0.0142398
      0.0204662
    0.000541857
    0.000472606
    0.000503132
      0.0126591
    0.000430776
     0.00674183
      0.0110288
     0.00240508
      0.0196302
    0.000374213
     0.00760847
     0.00432242
     0.00166063
     0.00658811
     0.00654208
      0.0115066
     0.00542692
    0.000240275
     0.00160425
     0.00585546
     0.00315331
     0.00262286
      0.0031431
     0.00156003
     0.00111193
     0.00448153
    0.000186168
     0.00870071
     0.00241762
    0.000139621
    0.000149143
     0.00305156
     0.00178701
     0.00117544
     0.00012842
    0.000115501
    0.000113809
    9.79506e-05
    0.000101155
    0.000708987
    8.98778e-05
    0.000990677
    8.72602e-05
    7.77249e-05
    7.69903e-05
    7.08321e-05
    6.41797e-05
       0.000352
    6.01809e-05
    5.95772e-05
    0.000809965
    0.000143221
    0.000444724
    4.86378e-05
    5.25649e-05
    5.00383e-05
    0.000240751
    0.000330327
    0.000130456
    0.000232548
    3.39653e-05
    9.26459e-05
    0.000223277
    2.82067e-05
    2.89223e-05
    0.000544841
    2.90264e-05
    0.000317236
    2.83768e-05
    0.000447798
    2.37063e-05
    2.27513e-05
     2.0415e-05
    0.000644813
    1.90878e-05
    1.75193e-05
    1.72945e-05
     8.1293e-05
    0.000120847
    1.82051e-05
    1.53809e-05
     1.4238e-05
    0.000209398
    1.23696e-05
    1.18623e-05
    9.81271e-06
    9.04542e-06
    8.30792e-06
    8.27269e-06
    1.00141e-05
    9.29585e-06
    2.89578e-05
    9.27705e-06
    8.75591e-06
    0.000266474
    4.94265e-05
     6.8906e-06
    5.95786e-06
    6.73492e-05
    5.86647e-06
    5.43061e-06
    3.50923e-05
    6.73148e-05
     2.5109e-05
    5.24223e-06
    4.84349e-06
    4.41092e-06
    4.22412e-06
    3.39548e-06
    3.63277e-06
    3.00736e-06
    3.16041e-06
    1.19112e-05
    8.42894e-05
    2.70115e-06
    2.96889e-06
    3.53716e-05
    2.77913e-06
    6.49852e-06
    5.01112e-06
    8.07803e-06
    1.83613e-06
    4.72787e-06
    1.07238e-05
    1.89441e-06
    6.36739e-05
    1.75772e-06
    0.000118432
    1.61893e-06
    1.58024e-06
    1.96424e-05
    7.59959e-06
    2.57507e-06
    5.38337e-06
    1.13395e-06
     4.3164e-05
     1.0745e-06
    1.29162e-06
    1.10605e-06
    1.15948e-06
    1.04777e-06
    1.02416e-06
    1.02178e-06
    9.21845e-07
    8.32989e-07
    2.00564e-06
    2.68863e-06
    7.18452e-07
    7.62178e-07
    5.85191e-06
    6.82904e-07
    2.61783e-06
    5.93845e-07
    5.67953e-07
    5.62286e-07
    4.64925e-07
    4.84997e-07
    4.06399e-07
    3.89732e-06
    4.03772e-07
    6.51379e-06
    4.31503e-07
    4.51085e-06
    4.52154e-06
    3.38509e-07
    3.29517e-07
    3.27464e-07
    2.79632e-07
     2.5932e-07
    4.81914e-06
    3.65267e-06
    2.18649e-06
    3.06187e-06
    3.09804e-06
    6.35618e-06
     2.6014e-07
    2.36167e-07
     2.1306e-07
    2.05768e-07
    1.79486e-07
    1.85691e-07
     1.7398e-07
    5.71881e-07
     1.7321e-07
    3.63754e-07
    1.88218e-06
    1.56543e-07
     1.3758e-07
    1.27653e-07
    3.49664e-06
    2.30148e-07
    9.98923e-08
    3.75979e-07
     3.8192e-07
    8.99058e-08
    1.47578e-07
    1.05833e-07
     1.0583e-07
    1.01146e-07
    1.10679e-07
     7.4522e-08
    7.32005e-08
    6.35915e-08
    6.05642e-08
    9.41354e-08
    1.47798e-07
    6.46458e-08
     5.7889e-08
    6.97987e-08
     5.5818e-08
    5.79393e-08
    7.48069e-08
    1.30575e-07
    1.27936e-07
    3.74531e-08
    3.68752e-08
    3.69471e-07
    1.30408e-07
     4.3146e-08
     4.0368e-08
    6.79442e-08
    3.81491e-08
    1.66834e-07
    1.17773e-07
    5.38287e-08
    4.44985e-08
    2.16903e-08
     2.4781e-08
    5.22755e-08
     2.6808e-08
     2.5947e-08
     8.5453e-08
    2.85408e-08
    2.63693e-08
    2.39883e-08
    3.23486e-08
    1.80142e-08
     2.0267e-08
    1.60655e-08
    1.95501e-08
    1.71635e-08
    1.03293e-07
    5.44403e-08
    1.96692e-08
    1.79282e-08
    4.15241e-08
    1.44111e-08
    2.91306e-07
    1.04643e-08
    1.31826e-08
    9.52492e-09
     7.7016e-08
    1.60768e-08
    1.11839e-08
    1.07078e-08
    1.07117e-08
    5.09514e-08
    8.77403e-09
    9.06341e-09
    7.47825e-09
    1.57874e-08
    3.35554e-08
    1.39963e-08
    4.18731e-07
    6.47034e-09
    6.92534e-09
    6.46018e-09
    5.85061e-09
     7.5215e-09
    5.04472e-09
    9.49858e-08
    4.16476e-09
    7.86365e-09
    7.23734e-09
    1.92788e-07
    1.81002e-08
    4.15466e-09
    3.95053e-09
    3.87278e-09
    3.39304e-09
    3.63801e-09
    3.08442e-09
    2.91492e-09
    2.71723e-09
    3.00189e-08
    2.05756e-09
    1.93839e-09
    2.38738e-09
    2.10294e-08
    9.37456e-09
    2.42604e-09
    1.10273e-08
    4.45138e-09
    1.99775e-09
    2.08525e-09
    1.64022e-09
      1.499e-09
    1.26538e-09
    1.29641e-09
    1.42603e-09
    2.91682e-09
    1.53182e-09
    1.76871e-09
    1.50425e-09
    1.40732e-09
    1.19865e-09
    1.06679e-09
    9.37718e-10
    8.48697e-10
    2.60905e-09
    7.73712e-10
    1.08149e-09
     1.2389e-09
    1.04966e-09
    1.04777e-09
    8.43619e-10
    9.32192e-10
    7.91545e-10
    6.10817e-10
    5.56728e-10
    4.89049e-10
    1.68918e-09
     2.8196e-08
    4.54837e-10
    7.94436e-10
    6.38012e-10
    5.69607e-10
    4.72768e-10
    6.01836e-08
    4.47079e-10
    3.63506e-10
    1.57708e-09
    2.66144e-10
    4.08374e-08
    4.09738e-10
    3.72301e-10
    1.70545e-09
    4.06735e-10
    3.70544e-10
    3.71212e-10
    3.02363e-10
    3.00781e-10
     2.1662e-08
    2.00121e-10
    1.68567e-10
    1.59411e-10
    2.36241e-10
    2.59189e-10
    2.60734e-10
    2.68051e-10
     2.3229e-10
    2.35964e-10
    1.90471e-10
    1.84022e-10
    8.82595e-09
    1.30345e-10
     1.0848e-10
     1.0139e-10
    1.77907e-10
    2.11828e-10
    1.42637e-09
    1.71168e-10
    1.51657e-10
    1.53535e-10
     1.1387e-10
    1.13846e-10
    8.84805e-11
    1.93539e-09
    1.32862e-09
    1.03199e-10
    8.34834e-11
    1.31279e-10
    9.42179e-11
    1.22987e-10
     8.2849e-11
    9.39048e-11
    6.98083e-11
    7.49754e-11
    5.85313e-11
    4.99729e-11
    4.03704e-11
    7.58172e-11
    5.52843e-11
    9.30018e-11
    7.98601e-11
    7.22262e-11
    5.49232e-11
    5.86409e-11
    4.27009e-11
    4.45041e-11
    3.29537e-11
    2.82692e-11
    2.84506e-11
    4.28978e-11
    4.52177e-11
    4.93374e-11
    4.65337e-11
     4.0168e-11
    3.18356e-11
    3.48855e-11
    2.69115e-11
    2.39579e-11
    1.86773e-11
    1.51497e-11
    1.26372e-11
    2.72009e-11
    2.55646e-11
    3.71163e-11
    3.21157e-11
    2.79302e-11
    2.19284e-11
    2.10973e-11
     1.5593e-11
     1.3719e-11
     1.0506e-11
    8.86766e-12
     1.7851e-11
     1.3192e-11
    2.30714e-11
    1.68006e-11
    1.78068e-11
     1.4875e-11
    1.23445e-11
    1.08194e-11
    1.24024e-11
    9.34884e-12
    7.70246e-12
    6.04243e-12
    1.27829e-11
    7.95111e-12
    1.56676e-11
    1.15741e-11
     1.1574e-11
    8.56324e-12
    7.00973e-12
    5.49856e-12
     4.4179e-12
    3.52078e-12
     2.8189e-12
    2.25349e-12
    6.03232e-12
    4.25164e-12
    8.92772e-12
    6.82345e-12
     6.1113e-12
    4.70894e-12
    3.84194e-12
    3.04581e-12
    2.44614e-12
    1.95334e-12
    1.56385e-12
    1.25064e-12
    4.66279e-12
    3.64739e-12
    5.80066e-12
    4.06561e-12
    3.68423e-12
    2.69843e-12
    2.20564e-12
    1.73504e-12
    1.39331e-12
    1.11121e-12
    8.89573e-13
    7.11257e-13
    2.52469e-12
    3.08409e-12
    2.36665e-12
    1.89095e-12
    1.48508e-12
    1.18784e-12
    9.46462e-13
    7.57148e-13
     6.0524e-13
     4.8419e-13
    3.87293e-13
    2.00321e-12
    1.11926e-12
    2.14523e-12
    1.32294e-12
    1.13461e-12
    8.56374e-13
    6.92437e-13
    5.48089e-13
     4.3922e-13
     3.5071e-13
    2.80648e-13
    2.24442e-13
    1.08384e-12
    7.44328e-13
     1.2473e-12
    8.88173e-13
    7.40669e-13
    5.71198e-13
    4.61003e-13
    3.65972e-13
    2.93283e-13
    2.34275e-13
    1.87481e-13
    1.49943e-13
    9.02977e-13
    4.98897e-13
    4.44589e-13
    3.25799e-13
    2.64982e-13
    2.08571e-13
    1.67296e-13
    1.33449e-13
    1.06807e-13
    8.54007e-14
    6.83258e-14
    5.46554e-14
    4.37249e-14
    3.49793e-14
    2.79835e-14
    2.23868e-14
    1.79094e-14
    1.43275e-14
     1.1462e-14
    9.16962e-15
    7.33569e-15
    5.86856e-15
    4.69484e-15
    3.75588e-15
     3.0047e-15
    2.40376e-15
    1.92301e-15
    1.53841e-15
    1.23073e-15
     9.8458e-16
    7.87664e-16
    6.30131e-16
    5.04105e-16
    4.03284e-16
    3.22627e-16
    2.58102e-16
    2.06481e-16
    1.65185e-16
    1.32148e-16
    1.05718e-16
    8.45748e-17
    6.76598e-17
    5.41279e-17
    4.33023e-17
    3.46418e-17
    2.77135e-17
    2.21708e-17
    1.77366e-17
    1.41893e-17
    1.13514e-17
    9.08115e-18
    7.26492e-18
    5.81193e-18
    4.64955e-18
    3.71964e-18
    2.97571e-18
    2.38057e-18
    1.90445e-18
    1.52356e-18
    1.21885e-18
    9.75081e-19
    7.80065e-19
    6.24052e-19
    4.99241e-19
    3.99393e-19
    3.19514e-19
    2.55612e-19
    2.04489e-19
    1.63591e-19
    1.30873e-19
    1.04699e-19
    8.37588e-20
     6.7007e-20
    5.36056e-20
    4.28845e-20
    3.43076e-20
    2.74461e-20
    2.19569e-20
    1.75655e-20
    1.40524e-20
    1.12419e-20
    8.99353e-21
    7.19483e-21
    5.75586e-21
    4.60469e-21
    3.68375e-21
      2.947e-21
     2.3576e-21
    1.88608e-21
    1.50886e-21
    1.20709e-21
    9.65673e-22
    7.72539e-22
    6.18031e-22
    4.94425e-22
     3.9554e-22
    3.16432e-22
    2.53145e-22
    2.02516e-22
    1.62013e-22
     1.2961e-22
    1.03688e-22
    8.29507e-23
    6.63606e-23
    5.30884e-23
    4.24708e-23
    3.39766e-23
    2.71813e-23
     2.1745e-23
     1.7396e-23
    1.39168e-23
    1.11335e-23
    8.90676e-24
    7.12541e-24
    5.70033e-24
    4.56026e-24
    3.64821e-24
    2.91857e-24
    2.33485e-24
    1.86788e-24
    1.49431e-24
    1.19545e-24
    9.56356e-25
    7.65085e-25
    6.12068e-25
    4.89654e-25
    3.91724e-25
    3.13379e-25
    2.50703e-25
    2.00562e-25
     1.6045e-25
     1.2836e-25
    1.02688e-25
    8.21504e-26
    6.57203e-26
    5.25762e-26
     4.2061e-26
    3.36488e-26
     2.6919e-26
    2.15352e-26
    1.72282e-26
    1.37825e-26
     1.1026e-26
    8.82083e-27
    7.05666e-27
    5.64533e-27
    4.51626e-27
    3.61301e-27
    2.89041e-27
    2.31233e-27
    1.84986e-27
    1.47989e-27
    1.18391e-27
    9.47129e-28
    7.57703e-28
    6.06163e-28
     4.8493e-28
    3.87944e-28
    3.10355e-28
    2.48284e-28
    1.98627e-28
    1.58902e-28
    1.27122e-28
    1.01697e-28
    8.13578e-29
    6.50862e-29
     5.2069e-29
    4.16552e-29
    3.33241e-29
    2.66593e-29
    2.13275e-29
     1.7062e-29
    1.36496e-29
    1.09197e-29
    8.73573e-30
    6.98858e-30
    5.59086e-30
    4.47269e-30
    3.57815e-30
    2.86252e-30
    2.29002e-30
    1.83201e-30
    1.46561e-30
    1.17249e-30
    9.37991e-31
    7.50393e-31
    6.00314e-31
    4.80252e-31
    3.84201e-31
    3.07361e-31
    2.45889e-31
    1.96711e-31
    1.57369e-31
    1.25895e-31
    1.00716e-31
    8.05728e-32
    6.44583e-32
    5.15666e-32
    4.12533e-32
    3.30026e-32
    2.64021e-32
    2.11217e-32
    1.68973e-32
    1.35179e-32
    1.08143e-32
    8.65144e-33
    6.92115e-33
    5.53692e-33
    4.42954e-33
    3.54363e-33
     2.8349e-33
    2.26792e-33
    1.81434e-33
    1.45147e-33
    1.16118e-33
    9.28941e-34
    7.43153e-34
    5.94523e-34
    4.75618e-34
    3.80494e-34
    3.04396e-34
    2.43516e-34
    1.94813e-34
    1.55851e-34
     1.2468e-34
    9.97443e-35
    7.97955e-35
    6.38364e-35
    5.10691e-35
    4.08553e-35
    3.26842e-35
    2.61474e-35
    2.09179e-35
    1.67343e-35
    1.33875e-35
      1.071e-35
    8.56797e-36
    6.85438e-36
     5.4835e-36
     4.3868e-36
    3.50944e-36
    2.80755e-36
    2.24604e-36
    1.79683e-36
    1.43747e-36
    1.14997e-36
    9.19979e-37
    7.35983e-37
    5.88787e-37
    4.71029e-37
    3.76823e-37
    3.01459e-37
    2.41167e-37
    1.92934e-37
    1.54347e-37
    1.23477e-37
     9.8782e-38
    7.90256e-38
    6.32205e-38
    5.05764e-38
    4.04611e-38
    3.23689e-38
    2.58951e-38
    2.07161e-38
    1.65729e-38
    1.32583e-38
    1.06066e-38
    8.48531e-39
    6.78825e-39
     5.4306e-39
    4.34448e-39
    3.47558e-39
    2.78047e-39
    2.22437e-39
     1.7795e-39
     1.4236e-39
    1.13888e-39
    9.11103e-40
    7.28882e-40
    5.83106e-40
    4.66485e-40
    3.73188e-40
     2.9855e-40
     2.3884e-40
    1.91072e-40
    1.52858e-40
    1.22286e-40
    9.78289e-41
    7.82631e-41
    6.26105e-41
    5.00884e-41
    4.00707e-41
    3.20566e-41
    2.56453e-41
    2.05162e-41
     1.6413e-41
    1.31304e-41
    1.05043e-41
    8.40344e-42
    6.72275e-42
     5.3782e-42
    4.30256e-42
    3.44205e-42
    2.75364e-42
    2.20291e-42
    1.76233e-42
    1.40986e-42
    1.12789e-42
    9.02313e-43
     7.2185e-43
     5.7748e-43
    4.61984e-43
    3.69587e-43
     2.9567e-43
    2.36536e-43
    1.89229e-43
    1.51383e-43
    1.21106e-43
    9.68851e-44
    7.75081e-44
    6.20064e-44
    4.96052e-44
    3.96841e-44
    3.17473e-44
    2.53978e-44
    2.03183e-44
    1.62546e-44
    1.30037e-44
     1.0403e-44
    8.32236e-45
    6.65789e-45
    5.32631e-45
    4.26105e-45
    3.40884e-45
    2.72707e-45
    2.18166e-45
    1.74533e-45
    1.39626e-45
    1.11701e-45
    8.93607e-46
    7.14886e-46
    5.71908e-46
    4.57527e-46
    3.66021e-46
    2.92817e-46
    2.34254e-46
    1.87403e-46
    1.49922e-46
    1.19938e-46
    9.59503e-47
    7.67603e-47
    6.14082e-47
    4.91266e-47
    3.93012e-47
     3.1441e-47
    2.51528e-47
    2.01222e-47
    1.60978e-47
    1.28782e-47
    1.03026e-47
    8.24207e-48
    6.59366e-48
    5.27492e-48
    4.21994e-48
    3.37595e-48
    2.70076e-48
    2.16061e-48
    1.72849e-48
    1.38279e-48
    1.10623e-48
    8.84985e-49
    7.07988e-49
    5.66391e-49
    4.53113e-49
     3.6249e-49
    2.89992e-49
    2.31994e-49
    1.85595e-49
    1.48476e-49
    1.18781e-49
    9.50246e-50
    7.60197e-50
    6.08157e-50
    4.86526e-50
    3.89221e-50
    3.11377e-50
    2.49101e-50
    1.99281e-50
    1.59425e-50
     1.2754e-50
    1.02032e-50
    8.16255e-51
    6.53004e-51
    5.22403e-51
    4.17922e-51
    3.34338e-51
     2.6747e-51
    2.13976e-51
    1.71181e-51
    1.36945e-51
    1.09556e-51
    8.76447e-52
    7.01158e-52
    5.60926e-52
    4.48741e-52
    3.58993e-52
    2.87194e-52
    2.29755e-52
    1.83804e-52
    1.47043e-52
    1.17635e-52
    9.41078e-53
              0
