      0.0112302
      0.0439952
      0.0412767
      0.0317931
      0.0309584
       0.024372
      0.0188934
      0.0153001
      0.0124642
      0.0107132
     0.00912386
      0.0113209
      0.0155695
      0.0162979
       0.017303
      0.0158496
      0.0160718
      0.0146276
      0.0138209
      0.0125578
       0.011359
      0.0106258
      0.0108982
      0.0110408
       0.215696
      0.0123649
       0.106688
       0.104785
      0.0108647
      0.0743327
      0.0734682
        0.24043
     0.00792627
       0.134913
      0.0713734
       0.143753
      0.0713081
     0.00659147
     0.00662232
     0.00589746
      0.0995689
      0.0689386
       0.112246
      0.0915981
       0.111739
     0.00380709
     0.00450847
     0.00400663
       0.047513
     0.00370321
      0.0337673
      0.0331576
      0.0035294
     0.00325053
     0.00323229
     0.00284877
     0.00260384
     0.00234902
      0.0316952
      0.0318339
       0.015808
     0.00226482
       0.011379
     0.00190653
     0.00195678
      0.0219059
       0.015246
      0.0308225
      0.0149957
     0.00778944
     0.00146237
      0.0150046
     0.00572078
      0.0150889
     0.00122899
     0.00755055
      0.0147876
      0.0103341
    0.000894676
     0.00510152
     0.00503303
    0.000729776
    0.000718656
      0.0186724
     0.00069668
    0.000647463
     0.00989838
     0.00778078
     0.00485602
      0.0296932
       0.011142
      0.0033986
     0.00336358
    0.000470577
     0.00242468
      0.0047547
     0.00337314
     0.00806654
      0.0139584
     0.00896127
      0.0129314
     0.00032102
    0.000269306
     0.00749891
     0.00223178
     0.00451732
    0.000263556
     0.00222042
     0.00158942
    0.000219947
     0.00158514
     0.00157778
      0.0074187
    0.000195467
     0.00260741
     0.00441602
     0.00242026
    0.000768667
     0.00277237
    0.000138294
      0.0015116
    0.000132873
    0.000141916
    0.000122841
     0.00012173
     0.00010384
    0.000106555
     0.00270013
    9.29499e-05
    0.000699977
     0.00100233
    7.78138e-05
    7.81207e-05
    7.27018e-05
    0.000262186
     6.5386e-05
    6.12222e-05
    6.22835e-05
    5.32249e-05
    0.000476723
    5.56905e-05
    4.92407e-05
    0.000346858
    0.000188358
    0.000472515
    0.000963388
    4.24648e-05
    0.000664016
    0.000126386
    3.33099e-05
    2.91557e-05
    3.04497e-05
    0.000226715
    3.02504e-05
    0.000318325
    0.000317468
     2.8523e-05
    0.000116798
     0.00064898
    8.53503e-05
    2.14876e-05
    0.000216616
    2.03214e-05
    0.000109666
    0.000636171
    2.14791e-05
    1.76256e-05
    1.93608e-05
    1.62171e-05
    1.52071e-05
     1.3489e-05
    1.30308e-05
    1.27313e-05
    0.000144007
    0.000100471
    8.75967e-06
    8.30199e-06
    5.18767e-05
    1.00209e-05
     9.4781e-06
     9.4951e-06
    9.09873e-06
    8.47664e-06
    2.08144e-05
     6.8904e-05
    6.18734e-06
    5.85042e-06
    0.000139163
    6.72777e-05
    7.50813e-06
      5.757e-06
    4.80683e-05
    5.56688e-06
    5.28665e-06
     4.5599e-06
     4.4934e-06
    9.38652e-05
    1.71388e-05
    4.51329e-05
    3.14837e-06
     3.0999e-06
    3.05566e-06
    4.45194e-05
    3.12837e-06
    3.73796e-05
    2.85505e-06
    1.06977e-05
    2.16853e-05
    2.02784e-06
    1.85394e-06
    2.13142e-06
    1.88105e-06
    4.40316e-05
    2.15946e-06
    1.87929e-06
    1.96873e-06
    3.64307e-06
    2.53354e-05
    1.08698e-05
    1.60817e-06
    1.34426e-06
    1.32353e-06
    2.06073e-05
    5.33476e-06
    1.42441e-05
    1.02609e-05
    1.13814e-06
    1.01726e-05
    5.21637e-06
    1.04417e-06
    1.04934e-06
    9.67771e-07
    8.63592e-07
    7.16126e-07
    8.07792e-07
    7.96915e-07
    2.02614e-05
    7.42552e-06
    2.04098e-06
     7.7506e-07
    6.47594e-07
    5.85347e-07
     4.7733e-06
    4.85085e-07
    5.35932e-07
    1.36347e-05
    4.65429e-07
    9.41999e-06
    1.05498e-06
    4.41282e-07
    4.58508e-06
    2.30852e-06
    3.62628e-07
    3.41297e-07
    1.22501e-06
    2.86894e-07
    5.01804e-06
     1.5797e-06
    3.07139e-06
    2.84341e-07
    6.36538e-06
    3.25162e-07
    2.89057e-07
    2.87343e-07
    4.40442e-07
    1.53478e-06
     2.2822e-07
     7.9122e-07
    2.00591e-07
    1.07019e-06
    1.04734e-06
    1.08252e-06
     9.0616e-07
    2.56142e-06
     2.9136e-07
    1.46736e-07
    1.33293e-07
    3.08657e-07
    2.34893e-07
    5.13811e-07
    1.02633e-07
    1.15708e-07
    1.02866e-07
    3.95705e-07
    1.21912e-07
    5.32417e-07
    1.14086e-07
    2.17964e-07
    7.80845e-08
    8.05543e-08
    1.07762e-07
    1.55683e-07
    5.84333e-08
     6.2445e-08
    6.30227e-08
    1.44279e-07
    1.59433e-07
    1.26708e-07
    5.90513e-08
    6.82672e-08
     4.4079e-08
    1.69585e-07
     6.4236e-07
    3.65461e-08
    3.27552e-08
    1.37703e-07
    4.93585e-08
    4.45043e-08
    1.19652e-07
     4.0583e-08
     4.3177e-08
    1.50948e-07
     2.8416e-08
    8.70172e-08
    2.33595e-08
    9.01314e-08
    6.64732e-08
    1.55327e-07
    4.60756e-08
    2.52637e-08
    4.29229e-08
    3.69051e-08
    2.47571e-08
     2.0769e-08
    3.71549e-08
    3.60837e-08
    1.62461e-08
    5.68008e-08
    1.86835e-08
    1.80233e-08
    1.90578e-08
    1.80291e-08
    2.12928e-08
    4.43976e-07
     1.6111e-08
    1.31588e-08
    1.14928e-08
      1.615e-08
    1.00613e-08
    9.82047e-09
    1.12343e-08
    1.08325e-08
    1.17308e-08
    1.06504e-08
    1.22532e-08
    9.26447e-09
    9.24551e-09
     7.8968e-09
    1.00562e-08
    6.05328e-09
    5.32037e-09
    4.63161e-08
    2.86559e-08
    8.37984e-09
    7.37513e-09
    1.22674e-08
    7.05611e-09
    5.65038e-08
    5.90464e-09
    4.37451e-09
    4.14849e-09
    3.46528e-09
    3.25665e-09
    1.02289e-08
    5.77639e-09
    3.44404e-08
    3.80378e-09
    3.60062e-09
    3.54553e-09
    5.02433e-09
    2.96353e-09
    6.76362e-09
    2.50993e-09
    2.11687e-09
    1.94738e-09
    4.56573e-09
    2.80616e-09
    3.01855e-09
     2.7973e-09
    8.40496e-09
    2.75542e-09
    2.09253e-08
    2.21413e-09
    1.70305e-09
    2.02506e-08
    1.29979e-09
    5.34413e-09
    4.21208e-09
     6.5218e-08
    1.59379e-09
    2.95855e-09
    1.51929e-09
    7.30914e-09
    1.19695e-09
    9.78838e-09
    1.02568e-09
    8.67433e-10
    8.17552e-10
    7.33425e-10
    1.19307e-09
    1.51222e-09
    1.13794e-09
    1.21504e-09
     9.5529e-10
    1.03024e-09
    8.82813e-10
    4.12289e-08
    5.78592e-10
    2.99728e-08
    4.47389e-10
    4.63498e-09
    4.77144e-10
    7.58248e-10
    5.98391e-10
    5.19186e-09
    4.71465e-10
     4.9734e-10
    6.33767e-09
     6.0068e-08
    3.40508e-10
    2.79331e-10
    2.57941e-10
    1.92419e-08
    4.36068e-10
    2.36156e-09
    9.22485e-08
    3.90431e-10
    6.01066e-08
    3.19751e-10
    3.41513e-10
    4.08211e-08
    2.93645e-09
    8.85426e-09
    1.43043e-09
    2.49524e-10
    2.30477e-10
    2.75555e-10
    2.98205e-09
    2.47933e-10
    2.35561e-10
    1.98488e-10
    1.84125e-10
    1.54094e-10
    1.36572e-10
    8.79387e-09
    1.03795e-10
    2.06488e-10
    2.53827e-10
    1.74072e-10
    1.89759e-10
     1.8927e-08
    1.74285e-10
    1.28817e-08
    1.29072e-10
    9.33793e-11
     8.4284e-11
    7.02274e-11
    1.05823e-10
    8.98674e-11
     1.1944e-10
    1.00952e-10
    1.15473e-10
    8.66147e-11
    9.30092e-11
    7.30727e-11
    7.52855e-11
    6.16659e-11
    1.28157e-08
    4.28888e-11
     8.7692e-09
    5.84123e-11
    1.09188e-10
    8.63172e-11
    7.62435e-11
    5.75726e-11
    6.68938e-11
    4.51334e-11
    5.13886e-11
    3.48314e-11
    2.97649e-11
    2.91493e-11
    4.37059e-11
    4.18653e-11
    5.08882e-11
    4.45428e-11
    4.24328e-11
    3.30208e-11
     3.4562e-11
    2.76245e-11
      2.469e-11
    1.95247e-11
    1.58594e-11
    1.33819e-11
    3.38954e-11
    2.81456e-11
     4.2587e-11
     3.4558e-11
    2.95207e-11
    2.29855e-11
    2.40989e-11
    1.64317e-11
    1.53054e-11
    1.11155e-11
    9.33595e-12
    1.77896e-11
    1.37305e-11
    2.16684e-11
    1.74687e-11
    1.70451e-11
    1.56676e-11
    1.29593e-11
    1.12758e-11
    1.21564e-11
    9.66943e-12
    8.01281e-12
    6.31042e-12
    1.58787e-11
    8.44261e-12
    1.87036e-11
    1.21486e-11
    1.25156e-11
    8.96099e-12
    7.37486e-12
    5.76335e-12
    4.63123e-12
    3.68919e-12
     2.9535e-12
    2.36097e-12
    6.03797e-12
    4.38916e-12
    8.54378e-12
    6.80251e-12
    6.45737e-12
    4.89695e-12
     4.0265e-12
    3.18708e-12
    2.56272e-12
    2.04599e-12
    1.63836e-12
    1.31019e-12
    6.03686e-12
    3.92654e-12
    6.95512e-12
    4.27818e-12
    3.95343e-12
    2.83336e-12
     2.3217e-12
    1.81879e-12
    1.46097e-12
    1.16431e-12
    9.32115e-13
     7.4517e-13
    2.51469e-12
    3.11234e-12
    2.45363e-12
    1.97215e-12
    1.55245e-12
    1.24379e-12
     9.9111e-13
    7.93181e-13
    6.34025e-13
     5.0726e-13
    4.05743e-13
    2.63129e-12
    1.19726e-12
    2.65952e-12
    1.40804e-12
    1.22834e-12
    9.01523e-13
    7.30012e-13
     5.7481e-13
    4.60685e-13
    3.67499e-13
    2.94085e-13
    2.35147e-13
    1.07523e-12
    7.65879e-13
    1.26329e-12
    9.18589e-13
    7.74376e-13
    5.96393e-13
    4.83069e-13
    3.83117e-13
    3.07291e-13
    2.45401e-13
    1.96421e-13
    1.57083e-13
    1.19229e-12
    5.34078e-13
    4.88839e-13
    3.43768e-13
    2.80266e-13
    2.18854e-13
    1.75578e-13
    1.39853e-13
    1.11933e-13
    8.94758e-14
    7.15861e-14
    5.72607e-14
    4.58091e-14
    3.66464e-14
    2.93171e-14
    2.34536e-14
    1.87629e-14
    1.50103e-14
    1.20082e-14
    9.60659e-15
    7.68527e-15
    6.14822e-15
    4.91857e-15
    3.93486e-15
    3.14789e-15
    2.51831e-15
    2.01465e-15
    1.61172e-15
    1.28937e-15
     1.0315e-15
      8.252e-16
     6.6016e-16
    5.28128e-16
    4.22502e-16
    3.38002e-16
    2.70401e-16
    2.16321e-16
    1.73057e-16
    1.38446e-16
    1.10756e-16
    8.86052e-17
    7.08841e-17
    5.67073e-17
    4.53658e-17
    3.62927e-17
    2.90341e-17
    2.32273e-17
    1.85818e-17
    1.48655e-17
    1.18924e-17
    9.51391e-18
    7.61113e-18
     6.0889e-18
    4.87112e-18
     3.8969e-18
    3.11752e-18
    2.49401e-18
    1.99521e-18
    1.59617e-18
    1.27693e-18
    1.02155e-18
    8.17238e-19
    6.53791e-19
    5.23033e-19
    4.18426e-19
    3.34741e-19
    2.67793e-19
    2.14234e-19
    1.71387e-19
     1.3711e-19
    1.09688e-19
    8.77503e-20
    7.02002e-20
    5.61602e-20
    4.49281e-20
    3.59425e-20
     2.8754e-20
    2.30032e-20
    1.84026e-20
    1.47221e-20
    1.17776e-20
    9.42212e-21
    7.53769e-21
    6.03015e-21
    4.82412e-21
     3.8593e-21
    3.08744e-21
    2.46995e-21
    1.97596e-21
    1.58077e-21
    1.26461e-21
    1.01169e-21
    8.09354e-22
    6.47483e-22
    5.17986e-22
    4.14389e-22
    3.31511e-22
    2.65209e-22
    2.12167e-22
    1.69734e-22
    1.35787e-22
     1.0863e-22
    8.69037e-23
    6.95229e-23
    5.56183e-23
    4.44947e-23
    3.55957e-23
    2.84766e-23
    2.27813e-23
     1.8225e-23
      1.458e-23
     1.1664e-23
    9.33121e-24
    7.46497e-24
    5.97197e-24
    4.77758e-24
    3.82206e-24
    3.05765e-24
    2.44612e-24
     1.9569e-24
    1.56552e-24
    1.25241e-24
    1.00193e-24
    8.01545e-25
    6.41236e-25
    5.12989e-25
    4.10391e-25
    3.28313e-25
     2.6265e-25
     2.1012e-25
    1.68096e-25
    1.34477e-25
    1.07582e-25
    8.60652e-26
    6.88522e-26
    5.50817e-26
    4.40654e-26
    3.52523e-26
    2.82018e-26
    2.25615e-26
    1.80492e-26
    1.44393e-26
    1.15515e-26
    9.24118e-27
    7.39295e-27
    5.91436e-27
    4.73149e-27
    3.78519e-27
    3.02815e-27
    2.42252e-27
    1.93802e-27
    1.55041e-27
    1.24033e-27
    9.92264e-28
    7.93811e-28
    6.35049e-28
    5.08039e-28
    4.06431e-28
    3.25145e-28
    2.60116e-28
    2.08093e-28
    1.66474e-28
    1.33179e-28
    1.06544e-28
    8.52349e-29
    6.81879e-29
    5.45503e-29
    4.36402e-29
    3.49122e-29
    2.79298e-29
    2.23438e-29
     1.7875e-29
       1.43e-29
      1.144e-29
    9.15202e-30
    7.32162e-30
    5.85729e-30
    4.68584e-30
    3.74867e-30
    2.99893e-30
    2.39915e-30
    1.91932e-30
    1.53545e-30
    1.22836e-30
    9.82691e-31
    7.86153e-31
    6.28922e-31
    5.03138e-31
     4.0251e-31
    3.22008e-31
    2.57607e-31
    2.06085e-31
    1.64868e-31
    1.31895e-31
    1.05516e-31
    8.44125e-32
      6.753e-32
     5.4024e-32
    4.32192e-32
    3.45754e-32
    2.76603e-32
    2.21282e-32
    1.77026e-32
    1.41621e-32
    1.13297e-32
    9.06372e-33
    7.25098e-33
    5.80078e-33
    4.64063e-33
     3.7125e-33
       2.97e-33
      2.376e-33
     1.9008e-33
    1.52064e-33
    1.21651e-33
     9.7321e-34
    7.78568e-34
    6.22854e-34
    4.98283e-34
    3.98627e-34
    3.18901e-34
    2.55121e-34
    2.04097e-34
    1.63278e-34
    1.30622e-34
    1.04498e-34
    8.35981e-35
    6.68785e-35
    5.35028e-35
    4.28022e-35
    3.42418e-35
    2.73934e-35
    2.19147e-35
    1.75318e-35
    1.40254e-35
    1.12203e-35
    8.97628e-36
    7.18102e-36
    5.74482e-36
    4.59585e-36
    3.67668e-36
    2.94135e-36
    2.35308e-36
    1.88246e-36
    1.50597e-36
    1.20478e-36
     9.6382e-37
    7.71056e-37
    6.16845e-37
    4.93476e-37
    3.94781e-37
    3.15825e-37
     2.5266e-37
    2.02128e-37
    1.61702e-37
    1.29362e-37
    1.03489e-37
    8.27915e-38
    6.62332e-38
    5.29866e-38
    4.23893e-38
    3.39114e-38
    2.71291e-38
    2.17033e-38
    1.73626e-38
    1.38901e-38
    1.11121e-38
    8.88967e-39
    7.11174e-39
    5.68939e-39
    4.55151e-39
    3.64121e-39
    2.91297e-39
    2.33037e-39
     1.8643e-39
    1.49144e-39
    1.19315e-39
    9.54521e-40
    7.63617e-40
    6.10894e-40
    4.88715e-40
    3.90972e-40
    3.12777e-40
    2.50222e-40
    2.00178e-40
    1.60142e-40
    1.28114e-40
    1.02491e-40
    8.19927e-41
    6.55942e-41
    5.24754e-41
    4.19803e-41
    3.35842e-41
    2.68674e-41
    2.14939e-41
    1.71951e-41
    1.37561e-41
    1.10049e-41
     8.8039e-42
    7.04312e-42
     5.6345e-42
     4.5076e-42
    3.60608e-42
    2.88486e-42
    2.30789e-42
    1.84631e-42
    1.47705e-42
    1.18164e-42
    9.45312e-43
    7.56249e-43
       6.05e-43
       4.84e-43
      3.872e-43
     3.0976e-43
    2.47808e-43
    1.98246e-43
    1.58597e-43
    1.26878e-43
    1.01502e-43
    8.12017e-44
    6.49613e-44
    5.19691e-44
    4.15753e-44
    3.32602e-44
    2.66082e-44
    2.12865e-44
    1.70292e-44
    1.36234e-44
    1.08987e-44
    8.71896e-45
    6.97517e-45
    5.58014e-45
    4.46411e-45
    3.57129e-45
    2.85703e-45
    2.28562e-45
     1.8285e-45
     1.4628e-45
    1.17024e-45
    9.36191e-46
    7.48953e-46
    5.99162e-46
     4.7933e-46
    3.83464e-46
    3.06771e-46
    2.45417e-46
    1.96334e-46
    1.57067e-46
    1.25653e-46
    1.00523e-46
    8.04182e-47
    6.43346e-47
    5.14677e-47
    4.11741e-47
    3.29393e-47
    2.63514e-47
    2.10812e-47
    1.68649e-47
    1.34919e-47
    1.07936e-47
    8.63484e-48
    6.90787e-48
     5.5263e-48
    4.42104e-48
    3.53683e-48
    2.82946e-48
    2.26357e-48
    1.81086e-48
    1.44869e-48
    1.15895e-48
    9.27159e-49
    7.41727e-49
    5.93382e-49
    4.74705e-49
    3.79764e-49
    3.03811e-49
    2.43049e-49
    1.94439e-49
    1.55551e-49
    1.24441e-49
    9.95529e-50
    7.96423e-50
    6.37139e-50
    5.09711e-50
    4.07769e-50
    3.26215e-50
    2.60972e-50
    2.08778e-50
    1.67022e-50
    1.33618e-50
    1.06894e-50
    8.55153e-51
    6.84122e-51
    5.47298e-51
    4.37838e-51
    3.50271e-51
    2.80217e-51
    2.24173e-51
    1.79339e-51
    1.43471e-51
    1.14777e-51
    9.18214e-52
    7.34571e-52
    5.87657e-52
    4.70125e-52
      3.761e-52
     3.0088e-52
    2.40704e-52
    1.92563e-52
    1.54051e-52
    1.23241e-52
    9.85924e-53
              0
