     0.00846461
      0.0344786
      0.0364994
      0.0306377
      0.0282695
      0.0248078
      0.0191602
      0.0158947
      0.0128761
      0.0112262
     0.00959399
      0.0130173
      0.0160531
      0.0172885
      0.0214276
      0.0174884
      0.0190101
      0.0162406
      0.0149954
      0.0137643
      0.0128951
      0.0118051
       0.011549
      0.0107463
      0.0128338
       0.353362
        0.28906
      0.0112761
       0.104787
       0.105261
       0.147968
        0.35509
       0.135502
      0.0719214
     0.00775443
      0.0070152
     0.00745594
     0.00701554
     0.00707072
     0.00648054
       0.100251
       0.112542
      0.0489973
       0.048185
     0.00460855
     0.00422188
       0.132092
      0.0474873
      0.0475964
      0.0335967
       0.003935
      0.0474701
     0.00360288
      0.0234776
     0.00350969
      0.0029848
       0.032181
     0.00256284
      0.0224558
     0.00252402
     0.00235972
       0.042429
     0.00219864
      0.0316583
      0.0019965
     0.00193367
      0.0311228
     0.00165316
      0.0106822
      0.0243647
     0.00152995
     0.00142025
     0.00137373
     0.00135751
      0.0149436
      0.0075581
      0.0104561
     0.00108724
      0.0145749
       0.014503
    0.000760974
     0.00707485
      0.0256727
      0.0256211
     0.00709182
    0.000689291
    0.000639245
      0.0142757
      0.0142564
     0.00344247
      0.0280993
    0.000514211
      0.0076945
     0.00340467
     0.00676373
     0.00679068
     0.00769354
    0.000432696
     0.00764208
    0.000371352
     0.00666095
     0.00168192
     0.00163888
    0.000286381
     0.00881352
    0.000270883
     0.00319462
     0.00316391
    0.000267762
    0.000222576
    0.000254681
    0.000216986
     0.00313086
    0.000192426
     0.00218015
     0.00151415
    0.000160755
     0.00213779
      0.0010865
     0.00106995
     0.00149966
    0.000138361
     0.00105127
     0.00442077
    0.000128356
      0.0011548
    0.000105425
    9.48698e-05
    9.49633e-05
    8.39075e-05
    9.65836e-05
    0.000509219
    0.000714031
    7.54455e-05
    0.000359748
    6.74215e-05
      0.0012695
    0.000688452
    5.81713e-05
    0.000344929
     5.8895e-05
     5.6121e-05
     5.7501e-05
    0.000479986
    5.20008e-05
     0.00033326
    4.32123e-05
    3.93806e-05
    0.000954637
    0.000520408
      0.0001642
    0.000232602
    0.000789361
    0.000127074
    3.24179e-05
    3.23306e-05
    3.28519e-05
      0.0002257
    2.60639e-05
    2.82624e-05
    0.000114687
    2.82508e-05
    0.000312659
    0.000216456
    0.000155056
    0.000218221
     8.1436e-05
    2.11331e-05
    1.79366e-05
    1.65491e-05
    1.61105e-05
    4.28128e-05
     1.3692e-05
    0.000298101
    0.000122798
    5.79373e-05
    9.50004e-06
    1.24829e-05
    0.000101337
     4.0067e-05
    1.01764e-05
    9.89644e-06
    9.69339e-06
    8.55542e-06
    4.95163e-05
    4.83534e-05
     8.7311e-05
      3.539e-05
    6.62692e-06
     0.00014067
    6.23197e-06
    4.79897e-05
    6.01949e-06
    5.05504e-06
    4.79519e-06
    4.24066e-06
    3.75487e-06
    1.70503e-05
    3.15882e-06
    3.63265e-06
    3.37986e-06
    3.63489e-06
    2.98071e-06
    3.53084e-06
    2.92856e-06
    4.51642e-05
    2.57166e-06
    2.63648e-06
    2.13486e-06
    5.91479e-05
    1.91037e-06
    2.16128e-05
     1.8637e-06
    2.16795e-05
    1.91703e-06
    1.90789e-06
    1.51271e-05
    1.62323e-06
    1.86496e-06
    4.40174e-06
    1.42532e-06
    1.26862e-06
    1.29789e-06
    1.19914e-06
    1.34501e-05
    3.00312e-05
    1.01409e-05
    1.03435e-05
    1.11233e-06
    1.02996e-06
    2.99871e-06
    2.29531e-06
    2.23079e-06
    5.49679e-06
    8.30755e-07
    1.40522e-05
    9.07201e-07
     8.7103e-07
    4.02084e-06
    7.04961e-07
     9.6595e-06
     4.7459e-06
    6.51158e-07
    1.09465e-06
    5.69759e-07
    1.04168e-06
    3.31154e-05
    4.83643e-07
    1.36767e-05
    1.83229e-05
    1.07801e-06
    7.40813e-07
    3.89589e-07
    3.42954e-07
    3.18518e-06
    3.00548e-07
    2.84753e-07
    2.69249e-07
    1.58786e-06
    1.59439e-06
    1.18147e-06
    6.95836e-07
     2.8931e-07
    3.12125e-06
    2.04453e-06
    2.42863e-07
    1.94386e-06
    2.39681e-06
    1.51161e-06
     2.1997e-07
    3.55147e-07
    4.00756e-07
    1.50015e-06
    2.11929e-06
     1.6731e-06
    2.41784e-07
    2.71519e-07
    1.23364e-07
    1.13045e-07
    7.19717e-07
    1.12941e-07
      1.093e-07
    1.11201e-07
    3.98947e-07
    1.28777e-07
    2.96452e-07
    7.13138e-07
    9.10739e-08
    4.52757e-07
    2.03398e-07
    7.54719e-08
    3.45941e-07
    5.77928e-08
    2.06342e-07
    7.10041e-08
    5.31874e-07
    8.15161e-08
    2.53222e-07
    9.69585e-08
    5.16416e-08
    6.51064e-07
    4.33313e-08
    4.23996e-08
    4.14376e-08
     3.3636e-08
    5.11803e-08
    1.73687e-07
    4.52863e-08
    5.15914e-08
    3.99743e-08
    5.79506e-08
    5.93903e-08
    2.95425e-08
    8.76398e-08
    4.47485e-07
    2.52447e-08
     2.9511e-08
    3.70966e-08
    3.07616e-08
    2.27763e-07
    3.65475e-08
    2.65223e-08
    2.70536e-08
     5.0714e-08
    1.84544e-08
    2.71234e-08
    1.66032e-08
    9.31357e-07
    1.66455e-08
    1.84491e-08
    1.72056e-08
    4.27711e-07
    2.96448e-08
    2.98246e-07
    1.42014e-08
    2.17437e-08
    1.12536e-08
    7.11342e-08
    4.20656e-07
    9.29182e-09
     1.2016e-08
    1.02339e-08
    3.97466e-08
    1.04314e-08
    1.29426e-08
    9.30202e-09
    1.05081e-08
    8.01332e-09
    7.16747e-09
    8.11295e-09
     6.4732e-08
    1.79097e-08
    6.60822e-09
    7.47045e-09
    1.46774e-08
    6.20839e-09
    1.71835e-08
    9.29894e-08
    5.31288e-09
    2.18379e-08
    4.26978e-09
    4.14013e-07
    3.36236e-09
    4.64891e-09
    3.13435e-08
    1.74328e-08
    3.60093e-09
    6.33154e-08
    8.10982e-09
    3.23147e-09
    4.73966e-09
    2.97373e-09
    6.22861e-08
    2.20359e-09
    2.00681e-09
    1.09799e-08
    2.78203e-09
    2.60504e-09
    2.86165e-09
    2.51332e-09
    1.52245e-08
    8.09307e-09
    2.28957e-09
    1.76882e-09
    1.72153e-09
     1.3583e-09
    1.39967e-09
    7.77249e-09
    1.41229e-09
    1.86772e-09
    1.58939e-09
    3.44945e-09
    1.67179e-09
    1.25021e-09
    1.29634e-09
    1.02372e-09
     9.2779e-10
     8.0826e-10
    7.46173e-10
    9.77984e-10
     1.5271e-09
    1.12241e-09
     1.2902e-09
     9.8662e-10
    9.06416e-10
    8.38652e-10
    6.54261e-10
    1.91839e-09
    4.11316e-08
    4.97891e-10
    2.84051e-08
    5.01526e-10
    8.45759e-10
    5.94862e-10
    6.53186e-09
    5.76251e-09
    4.60229e-09
    5.16011e-10
    4.05311e-10
    3.39867e-10
    2.95362e-10
    2.99211e-09
    2.23576e-09
    4.57139e-10
     4.3567e-10
    4.51972e-09
    4.23963e-10
    3.97195e-10
     8.8111e-08
    3.10087e-10
    5.99308e-08
    2.17354e-10
     4.2002e-09
    1.68743e-10
    2.19363e-09
    2.29109e-10
    9.03147e-09
    2.48151e-10
    2.64771e-10
    2.74074e-10
    2.08754e-10
    2.14541e-10
    1.59521e-10
    1.45087e-10
    1.18134e-10
    1.07532e-10
    1.57717e-10
    2.35209e-10
     4.1885e-09
    2.00258e-10
    1.69252e-10
    1.69662e-10
    1.88934e-08
    1.24666e-10
    1.28593e-08
    8.76429e-09
    7.19139e-11
    1.43556e-10
    9.46685e-11
    1.46037e-10
    1.11311e-10
    1.27863e-10
    9.26996e-11
    1.14611e-10
    1.28396e-08
    8.85235e-11
    8.74319e-09
    5.41502e-11
    4.43327e-11
    7.01472e-11
    5.72302e-11
    1.08731e-10
    9.62683e-11
    8.23974e-11
    5.91046e-11
    6.60138e-11
    4.76515e-11
    4.90306e-11
    3.63524e-11
    3.06789e-11
    4.39141e-11
    6.29934e-11
    4.46359e-11
    6.71631e-11
    4.74269e-11
    4.90585e-11
    3.52977e-11
    4.49001e-11
    2.98523e-11
    2.95952e-11
    2.08349e-11
    1.67646e-11
    1.41837e-11
    2.43383e-11
    3.30648e-11
    3.96715e-11
    3.85201e-11
    3.15005e-11
    2.39834e-11
    2.23494e-11
    1.71512e-11
    1.44857e-11
    1.14906e-11
    9.49684e-12
     3.1505e-11
    1.52503e-11
    2.85277e-11
    1.93452e-11
    1.85256e-11
    1.78585e-11
    1.48658e-11
    1.41619e-11
    1.50523e-11
    1.01953e-11
    8.54268e-12
    6.60403e-12
    1.14676e-11
    8.55275e-12
    1.68033e-11
    1.24436e-11
     1.3893e-11
    9.41219e-12
    7.75834e-12
     6.0173e-12
    4.83194e-12
    3.84387e-12
    3.07673e-12
    2.45884e-12
    9.55056e-12
    4.66337e-12
    1.17589e-11
    7.28701e-12
    7.21926e-12
    5.19044e-12
    4.24483e-12
     3.3323e-12
    2.67425e-12
    2.13231e-12
    1.70672e-12
    1.36456e-12
    3.93453e-12
    4.19912e-12
    5.52966e-12
    4.26945e-12
    4.00892e-12
     2.9384e-12
    2.40628e-12
    1.89244e-12
    1.52013e-12
    1.21224e-12
     9.7051e-13
    7.75948e-13
    4.12737e-12
    4.30982e-12
     2.7016e-12
    2.15471e-12
    1.64293e-12
    1.30679e-12
    1.03576e-12
    8.27331e-13
    6.60709e-13
    5.28391e-13
    4.22574e-13
    1.65254e-12
    1.19462e-12
    1.92401e-12
    1.41983e-12
     1.1959e-12
    9.29616e-13
    7.51361e-13
    5.97165e-13
    4.78764e-13
      3.825e-13
    3.06133e-13
    2.44843e-13
    1.81731e-12
    8.17364e-13
    1.84419e-12
    9.79852e-13
    8.48793e-13
    6.29337e-13
    5.07374e-13
    4.00277e-13
     3.2047e-13
    2.55724e-13
    2.04595e-13
    1.63599e-13
    7.38708e-13
    5.32048e-13
    4.60066e-13
    3.52912e-13
    2.86676e-13
    2.27105e-13
    1.82274e-13
    1.45525e-13
    1.16496e-13
    9.31605e-14
    7.45378e-14
    5.96258e-14
    4.77018e-14
    3.81609e-14
    3.05289e-14
     2.4423e-14
    1.95384e-14
    1.56307e-14
    1.25046e-14
    1.00037e-14
    8.00294e-15
    6.40235e-15
    5.12188e-15
    4.09751e-15
      3.278e-15
     2.6224e-15
    2.09792e-15
    1.67834e-15
    1.34267e-15
    1.07414e-15
    8.59309e-16
    6.87447e-16
    5.49958e-16
    4.39966e-16
    3.51973e-16
    2.81578e-16
    2.25263e-16
     1.8021e-16
    1.44168e-16
    1.15335e-16
    9.22676e-17
    7.38141e-17
    5.90513e-17
     4.7241e-17
    3.77928e-17
    3.02343e-17
    2.41874e-17
    1.93499e-17
    1.54799e-17
    1.23839e-17
    9.90716e-18
    7.92573e-18
    6.34058e-18
    5.07247e-18
    4.05797e-18
    3.24638e-18
     2.5971e-18
    2.07768e-18
    1.66215e-18
    1.32972e-18
    1.06377e-18
    8.51018e-19
    6.80815e-19
    5.44652e-19
    4.35721e-19
    3.48577e-19
    2.78862e-19
    2.23089e-19
    1.78472e-19
    1.42777e-19
    1.14222e-19
    9.13774e-20
    7.31019e-20
    5.84815e-20
    4.67852e-20
    3.74282e-20
    2.99425e-20
     2.3954e-20
    1.91632e-20
    1.53306e-20
    1.22645e-20
    9.81157e-21
    7.84926e-21
    6.27941e-21
    5.02353e-21
    4.01882e-21
    3.21506e-21
    2.57205e-21
    2.05764e-21
    1.64611e-21
    1.31689e-21
    1.05351e-21
    8.42808e-22
    6.74246e-22
    5.39397e-22
    4.31518e-22
    3.45214e-22
    2.76171e-22
    2.20937e-22
     1.7675e-22
      1.414e-22
     1.1312e-22
    9.04958e-23
    7.23966e-23
    5.79173e-23
    4.63338e-23
    3.70671e-23
    2.96537e-23
    2.37229e-23
    1.89783e-23
    1.51827e-23
    1.21461e-23
    9.71691e-24
    7.77353e-24
    6.21882e-24
    4.97506e-24
    3.98005e-24
    3.18404e-24
    2.54723e-24
    2.03778e-24
    1.63023e-24
    1.30418e-24
    1.04335e-24
    8.34676e-25
    6.67741e-25
    5.34193e-25
    4.27354e-25
    3.41883e-25
    2.73507e-25
    2.18805e-25
    1.75044e-25
    1.40035e-25
    1.12028e-25
    8.96227e-26
    7.16981e-26
    5.73585e-26
    4.58868e-26
    3.67094e-26
    2.93676e-26
     2.3494e-26
    1.87952e-26
    1.50362e-26
     1.2029e-26
    9.62316e-27
    7.69853e-27
    6.15882e-27
    4.92706e-27
    3.94165e-27
    3.15332e-27
    2.52265e-27
    2.01812e-27
     1.6145e-27
     1.2916e-27
    1.03328e-27
    8.26623e-28
    6.61299e-28
    5.29039e-28
    4.23231e-28
    3.38585e-28
    2.70868e-28
    2.16694e-28
    1.73355e-28
    1.38684e-28
    1.10947e-28
     8.8758e-29
    7.10064e-29
    5.68051e-29
    4.54441e-29
    3.63553e-29
    2.90842e-29
    2.32674e-29
    1.86139e-29
    1.48911e-29
    1.19129e-29
    9.53032e-30
    7.62425e-30
     6.0994e-30
    4.87952e-30
    3.90362e-30
    3.12289e-30
    2.49832e-30
    1.99865e-30
    1.59892e-30
    1.27914e-30
    1.02331e-30
    8.18648e-31
    6.54918e-31
    5.23935e-31
    4.19148e-31
    3.35318e-31
    2.68255e-31
    2.14604e-31
    1.71683e-31
    1.37346e-31
    1.09877e-31
    8.79016e-32
    7.03213e-32
    5.62571e-32
    4.50056e-32
    3.60045e-32
    2.88036e-32
    2.30429e-32
    1.84343e-32
    1.47474e-32
     1.1798e-32
    9.43837e-33
    7.55069e-33
    6.04056e-33
    4.83244e-33
    3.86596e-33
    3.09276e-33
    2.47421e-33
    1.97937e-33
     1.5835e-33
     1.2668e-33
    1.01344e-33
     8.1075e-34
      6.486e-34
     5.1888e-34
    4.15104e-34
    3.32083e-34
    2.65666e-34
    2.12533e-34
    1.70026e-34
    1.36021e-34
    1.08817e-34
    8.70536e-35
    6.96429e-35
    5.57143e-35
    4.45714e-35
    3.56571e-35
    2.85257e-35
    2.28206e-35
    1.82565e-35
    1.46052e-35
    1.16841e-35
    9.34731e-36
    7.47784e-36
    5.98228e-36
    4.78582e-36
    3.82866e-36
    3.06292e-36
    2.45034e-36
    1.96027e-36
    1.56822e-36
    1.25457e-36
    1.00366e-36
    8.02927e-37
    6.42342e-37
    5.13874e-37
    4.11099e-37
    3.28879e-37
    2.63103e-37
    2.10483e-37
    1.68386e-37
    1.34709e-37
    1.07767e-37
    8.62137e-38
    6.89709e-38
    5.51767e-38
    4.41414e-38
    3.53131e-38
    2.82505e-38
    2.26004e-38
    1.80803e-38
    1.44643e-38
    1.15714e-38
    9.25712e-39
     7.4057e-39
    5.92456e-39
    4.73965e-39
    3.79172e-39
    3.03337e-39
     2.4267e-39
    1.94136e-39
    1.55309e-39
    1.24247e-39
    9.93976e-40
    7.95181e-40
    6.36145e-40
    5.08916e-40
    4.07132e-40
    3.25706e-40
    2.60565e-40
    2.08452e-40
    1.66761e-40
    1.33409e-40
    1.06727e-40
    8.53819e-41
    6.83055e-41
    5.46444e-41
    4.37155e-41
    3.49724e-41
    2.79779e-41
    2.23823e-41
    1.79059e-41
    1.43247e-41
    1.14598e-41
    9.16781e-42
    7.33425e-42
     5.8674e-42
    4.69392e-42
    3.75513e-42
    3.00411e-42
    2.40329e-42
    1.92263e-42
     1.5381e-42
    1.23048e-42
    9.84386e-43
    7.87509e-43
    6.30007e-43
    5.04006e-43
    4.03204e-43
    3.22564e-43
    2.58051e-43
    2.06441e-43
    1.65153e-43
    1.32122e-43
    1.05698e-43
    8.45581e-44
    6.76465e-44
    5.41172e-44
    4.32937e-44
     3.4635e-44
     2.7708e-44
    2.21664e-44
    1.77331e-44
    1.41865e-44
    1.13492e-44
    9.07936e-45
    7.26349e-45
    5.81079e-45
    4.64863e-45
     3.7189e-45
    2.97512e-45
     2.3801e-45
    1.90408e-45
    1.52326e-45
    1.21861e-45
    9.74888e-46
    7.79911e-46
    6.23929e-46
    4.99143e-46
    3.99314e-46
    3.19451e-46
    2.55561e-46
    2.04449e-46
    1.63559e-46
    1.30847e-46
    1.04678e-46
    8.37423e-47
    6.69938e-47
    5.35951e-47
     4.2876e-47
    3.43008e-47
    2.74407e-47
    2.19525e-47
     1.7562e-47
    1.40496e-47
    1.12397e-47
    8.99176e-48
    7.19341e-48
    5.75473e-48
    4.60378e-48
    3.68302e-48
    2.94642e-48
    2.35714e-48
    1.88571e-48
    1.50857e-48
    1.20685e-48
    9.65483e-49
    7.72386e-49
    6.17909e-49
    4.94327e-49
    3.95462e-49
    3.16369e-49
    2.53095e-49
    2.02476e-49
    1.61981e-49
    1.29585e-49
    1.03668e-49
    8.29343e-50
    6.63475e-50
     5.3078e-50
    4.24624e-50
    3.39699e-50
    2.71759e-50
    2.17407e-50
    1.73926e-50
    1.39141e-50
    1.11313e-50
      8.905e-51
      7.124e-51
     5.6992e-51
    4.55936e-51
    3.64749e-51
    2.91799e-51
    2.33439e-51
    1.86751e-51
    1.49401e-51
    1.19521e-51
    9.56168e-52
    7.64934e-52
    6.11947e-52
    4.89558e-52
    3.91646e-52
    3.13317e-52
    2.50654e-52
    2.00523e-52
    1.60418e-52
    1.28335e-52
    1.02668e-52
              0
