     0.00927609
       0.037545
      0.0410958
      0.0409017
      0.0395767
       0.036646
      0.0287139
      0.0247211
      0.0199298
      0.0181312
      0.0150398
      0.0179024
       0.021786
      0.0253864
      0.0297426
       0.028763
      0.0276131
       0.025635
      0.0241169
      0.0207933
       0.157396
      0.0180399
       0.220771
       0.248426
       0.250309
       0.112485
      0.0214855
       0.019895
      0.0829152
      0.0623433
      0.0144959
       0.110857
        0.21269
       0.139659
      0.0548189
      0.0538126
      0.0109606
       0.053584
      0.0105119
      0.0115288
      0.0733471
       0.115758
      0.0729334
      0.0512925
       0.158055
       0.109176
      0.0065527
      0.0359839
      0.0359767
      0.0358378
        0.05686
      0.0200342
     0.00541274
      0.0187215
     0.00499761
       0.025061
       0.037775
      0.0040429
      0.0237738
      0.0238939
      0.0237339
      0.0263685
      0.0297475
      0.0167505
      0.0326401
     0.00319376
       0.056309
      0.0119001
       0.022281
      0.0176985
      0.0656462
      0.0160381
     0.00227701
      0.0116093
     0.00195394
     0.00190472
     0.00185008
     0.00804557
     0.00142815
     0.00136923
       0.013999
     0.00562073
     0.00128473
     0.00110251
     0.00141604
      0.0146979
    0.000984755
    0.000961843
        0.00579
    0.000912458
    0.000870104
    0.000808337
      0.0036625
     0.00507167
    0.000826028
    0.000749096
    0.000841654
    0.000667951
     0.00493057
     0.00546516
    0.000568818
    0.000533711
    0.000438391
    0.000473746
     0.00234965
    0.000406681
     0.00241741
    0.000396758
     0.00488852
     0.00235828
     0.00328267
      0.0030714
    0.000335626
     0.00153955
    0.000920924
      0.0016005
    0.000237073
    0.000232326
    0.000260158
     0.00115252
     0.00404465
    0.000207794
     0.00141136
    0.000401509
    0.000186149
     0.00016312
    0.000156178
     0.00105915
    0.000787175
     0.00254013
     0.00105368
    0.000758451
    0.000561185
    0.000127456
    0.000111081
     0.00102099
     0.00114108
    0.000394157
    0.000386392
    8.20204e-05
    9.35163e-05
    0.000516002
     0.00041838
    0.000284551
    8.52794e-05
    0.000496485
    0.000202542
    6.48051e-05
    5.60399e-05
     5.6194e-05
    0.000427112
    0.000147749
    4.82181e-05
    5.67816e-05
    4.91232e-05
    0.000476071
    0.000477782
    4.73861e-05
    4.21365e-05
    0.000281663
    8.21608e-05
    4.16054e-05
    4.78047e-05
    3.14424e-05
    0.000232627
    3.18174e-05
    0.000122612
    3.20967e-05
    2.94462e-05
    2.59209e-05
    6.79907e-05
    2.26738e-05
    2.24779e-05
    1.70779e-05
     1.6968e-05
    1.56388e-05
    1.42368e-05
    2.01293e-05
    1.70821e-05
    1.81167e-05
     0.00021206
    1.47087e-05
    1.44099e-05
     4.1828e-05
    1.13972e-05
    0.000101047
    9.36638e-06
    1.25599e-05
    5.18914e-05
    2.51498e-05
    9.00314e-06
     1.1049e-05
    2.19593e-05
    2.84397e-05
    2.04955e-05
    6.33841e-06
    5.93772e-06
    1.54797e-05
    3.33111e-05
    5.67426e-06
    0.000138733
    5.51054e-06
    9.36896e-06
    4.71837e-05
     5.1308e-06
    9.53315e-05
     4.7057e-06
    8.03798e-06
    3.50215e-06
    1.64158e-05
     2.9565e-06
    7.33752e-05
    2.98143e-06
    7.87343e-06
    1.18983e-05
    3.10623e-06
    1.16985e-05
    2.51053e-06
    7.34985e-05
    3.10492e-05
    6.37479e-06
    1.91433e-06
    1.09201e-05
    3.73738e-06
    4.88473e-06
    5.40655e-06
    1.97412e-06
    2.22806e-06
    1.76607e-06
    1.56136e-06
    2.95886e-06
     1.5148e-06
    1.66569e-05
    1.18577e-06
    4.07598e-06
    3.04376e-06
    1.42796e-05
    7.82366e-06
    1.48288e-06
    3.94739e-06
    1.01595e-05
    9.09544e-07
    1.06066e-06
    7.46264e-07
    1.79475e-06
    6.72013e-07
    7.44339e-07
    8.08494e-07
    7.98201e-07
    7.89629e-07
    1.17141e-06
    4.84826e-06
    7.32659e-07
    5.39328e-07
    5.59776e-07
    4.71856e-07
    4.61801e-07
    6.14441e-07
    6.64529e-07
    4.58475e-07
    3.51252e-06
    9.83587e-07
    3.30176e-06
    5.64169e-07
    5.25892e-07
    4.69546e-06
    4.57734e-07
    3.69621e-07
    3.43529e-07
     6.1988e-07
    2.67926e-07
    2.30394e-06
    1.21476e-06
    2.05837e-06
    3.07134e-07
    5.30587e-06
    2.37219e-07
    2.13345e-07
    6.04929e-07
    1.96622e-07
     4.9588e-07
    2.21025e-07
    2.11975e-07
    1.48274e-06
    8.28089e-07
    1.04255e-06
    3.65909e-07
    2.04568e-06
    2.45361e-07
     1.4034e-07
    1.43737e-06
    7.19333e-07
    9.76826e-07
    4.39149e-06
    2.02872e-06
    8.20056e-07
    1.04673e-06
    1.04117e-07
     1.0525e-07
    1.38339e-06
    8.30647e-08
    2.89508e-06
    7.43383e-08
    6.17814e-08
     2.4424e-07
    8.32462e-08
    6.44409e-08
    2.03055e-06
    7.16938e-08
    5.93312e-08
    7.74048e-08
    4.79203e-08
    4.68315e-08
    9.34921e-07
    9.76222e-08
    5.29315e-08
    1.34641e-06
    3.41701e-08
     4.9176e-08
    9.75956e-08
    5.21314e-08
    4.13723e-08
    9.26998e-07
    1.75558e-07
      1.362e-07
    2.70927e-08
    2.70506e-08
    8.34206e-08
    1.33031e-06
    2.16968e-07
    2.45613e-08
    2.59832e-08
    6.45984e-08
    2.67533e-08
     2.7042e-08
    6.57158e-08
    1.72227e-08
    2.57312e-08
    4.35199e-08
    1.80959e-08
    1.63189e-08
    1.44274e-08
    3.07369e-07
    2.16312e-08
    1.71707e-08
      3.411e-08
    1.62737e-08
    1.29113e-08
    1.09325e-08
    2.41255e-08
    1.68886e-08
    9.93807e-09
    3.37104e-08
    4.08433e-08
    9.52377e-09
    2.25431e-08
    8.61157e-09
    2.07937e-08
    1.94531e-08
    1.38637e-08
    2.35287e-08
    9.88993e-09
    6.60208e-09
    6.46001e-09
    2.40457e-08
    8.39961e-09
    3.87555e-08
    1.35043e-07
    6.09138e-09
    9.21533e-09
    5.09268e-09
    1.72957e-08
    4.31455e-09
    3.48357e-09
    3.09209e-09
    3.25107e-09
    3.98199e-09
    7.64459e-09
    4.23406e-09
    3.49648e-09
     3.6325e-09
    6.89615e-08
    3.51933e-09
    5.48284e-09
     2.7224e-09
    2.09016e-09
    2.10122e-09
    3.01234e-08
    1.94508e-09
    2.73686e-09
    2.25441e-09
    1.12542e-08
    2.39317e-09
    5.98589e-09
    2.06925e-09
    1.69779e-09
     1.5724e-09
    1.29581e-09
    1.16021e-09
    1.12486e-08
    2.16693e-09
     1.5373e-09
    1.97085e-09
    1.43206e-08
    1.27604e-08
    2.61766e-09
    1.01715e-09
    6.86614e-09
    8.58186e-10
    7.38216e-10
    1.07838e-09
    7.47442e-10
    1.23204e-09
    2.07664e-09
    1.28933e-09
    7.45397e-10
     8.3236e-10
    7.34362e-10
    7.02012e-10
    3.27488e-09
    6.05887e-10
     4.2127e-10
    2.43127e-09
     6.8538e-10
    5.70461e-10
    7.33629e-10
    5.95042e-10
    4.82168e-09
    5.45258e-10
    7.35367e-10
     3.8312e-10
    3.37012e-10
    2.87119e-10
    2.52772e-10
    4.50499e-10
    2.95358e-10
    6.23092e-10
    3.43815e-10
    5.48537e-10
    3.73438e-10
    3.34593e-10
    3.07856e-10
    2.52223e-10
    8.90439e-09
    1.45434e-09
    1.66725e-10
    2.12625e-10
    3.08632e-10
    2.29995e-10
    2.97831e-10
    2.36412e-10
    3.01627e-10
    1.89138e-10
    2.32321e-10
    1.47572e-10
     1.3573e-10
     1.0873e-10
    1.84063e-10
    1.42284e-10
    4.19008e-09
    2.27863e-10
    2.22964e-10
    1.45261e-10
    1.73115e-10
    1.22633e-10
    1.26912e-10
    9.93315e-11
    8.52001e-11
    7.01905e-11
    1.00065e-10
    7.77444e-11
    1.48579e-10
    1.30334e-10
    1.16232e-10
    9.26428e-11
    9.96491e-11
    7.23622e-11
    7.61556e-11
    5.49379e-11
    4.79148e-11
     6.2449e-11
     8.5083e-11
    5.71652e-11
    1.05669e-10
    6.61209e-11
    9.62659e-11
    5.66782e-11
    6.95011e-11
    4.83977e-11
    4.46858e-11
    3.39116e-11
     2.6534e-11
    2.58798e-11
    3.15888e-11
    4.42817e-11
    4.80731e-11
    5.38023e-11
    4.29598e-11
    3.67541e-11
     3.2913e-11
    2.63973e-11
    2.24295e-11
    1.80383e-11
    1.48247e-11
    3.83985e-11
    2.60787e-11
    3.52223e-11
    3.32723e-11
    2.57258e-11
    3.63985e-11
    2.73536e-11
    2.34659e-11
    2.16661e-11
    1.66855e-11
    1.33043e-11
    1.05237e-11
    1.49337e-11
    1.15965e-11
    2.39591e-11
    1.60794e-11
    1.97583e-11
    1.36781e-11
    1.21721e-11
    9.37347e-12
    7.65305e-12
    6.07565e-12
    4.87824e-12
    3.89696e-12
    1.14162e-11
    6.50535e-12
    1.64132e-11
    9.91096e-12
    1.51458e-11
    8.07129e-12
    6.87071e-12
    5.28018e-12
    4.24971e-12
    3.38177e-12
    2.70727e-12
    2.16401e-12
    4.74705e-12
    5.19104e-12
     6.7868e-12
    5.57868e-12
    5.65396e-12
    4.49296e-12
    3.74669e-12
    2.98075e-12
    2.40321e-12
    1.91996e-12
    1.53821e-12
    1.23022e-12
    4.82079e-12
    5.25062e-12
    3.76535e-12
    3.21677e-12
     2.5479e-12
    2.04729e-12
    1.63651e-12
    1.30912e-12
    1.04712e-12
    8.37605e-13
    6.70051e-13
    1.93048e-12
    1.47293e-12
    2.41593e-12
     1.9238e-12
    1.75921e-12
    1.44215e-12
    1.17176e-12
    9.43796e-13
    7.56711e-13
    6.06224e-13
    4.85162e-13
    3.88233e-13
    2.08454e-12
    1.10597e-12
    2.27176e-12
    1.40715e-12
    1.25606e-12
    9.84665e-13
    7.92823e-13
    6.33577e-13
    5.06826e-13
    4.05415e-13
    3.24292e-13
    2.59425e-13
    8.52329e-13
    6.48825e-13
    6.52858e-13
    5.40615e-13
    4.43314e-13
     3.5827e-13
      2.876e-13
    2.30573e-13
    1.84564e-13
    1.47711e-13
    1.18182e-13
    9.45523e-14
    7.56433e-14
    6.05155e-14
    4.84126e-14
    3.87301e-14
    3.09841e-14
    2.47873e-14
    1.98299e-14
    1.58639e-14
    1.26911e-14
    1.01529e-14
    8.12231e-15
    6.49785e-15
    5.19828e-15
    4.15862e-15
     3.3269e-15
    2.66152e-15
    2.12921e-15
    1.70337e-15
     1.3627e-15
    1.09016e-15
    8.72126e-16
    6.97701e-16
    5.58161e-16
    4.46529e-16
    3.57223e-16
    2.85778e-16
    2.28623e-16
    1.82898e-16
    1.46319e-16
    1.17055e-16
    9.36439e-17
    7.49151e-17
    5.99321e-17
    4.79457e-17
    3.83565e-17
    3.06852e-17
    2.45482e-17
    1.96385e-17
    1.57108e-17
    1.25687e-17
    1.00549e-17
    8.04395e-18
    6.43516e-18
    5.14813e-18
     4.1185e-18
     3.2948e-18
    2.63584e-18
    2.10867e-18
    1.68694e-18
    1.34955e-18
    1.07964e-18
    8.63712e-19
     6.9097e-19
    5.52776e-19
    4.42221e-19
    3.53776e-19
    2.83021e-19
    2.26417e-19
    1.81134e-19
    1.44907e-19
    1.15925e-19
    9.27404e-20
    7.41923e-20
    5.93538e-20
    4.74831e-20
    3.79865e-20
    3.03892e-20
    2.43113e-20
    1.94491e-20
    1.55593e-20
    1.24474e-20
    9.95792e-21
    7.96634e-21
    6.37307e-21
    5.09846e-21
    4.07876e-21
    3.26301e-21
    2.61041e-21
    2.08833e-21
    1.67066e-21
    1.33653e-21
    1.06922e-21
    8.55379e-22
    6.84303e-22
    5.47443e-22
    4.37954e-22
    3.50363e-22
    2.80291e-22
    2.24232e-22
    1.79386e-22
    1.43509e-22
    1.14807e-22
    9.18456e-23
    7.34765e-23
    5.87812e-23
     4.7025e-23
      3.762e-23
     3.0096e-23
    2.40768e-23
    1.92614e-23
    1.54091e-23
    1.23273e-23
    9.86185e-24
    7.88948e-24
    6.31158e-24
    5.04927e-24
    4.03941e-24
    3.23153e-24
    2.58522e-24
    2.06818e-24
    1.65454e-24
    1.32363e-24
    1.05891e-24
    8.47126e-25
    6.77701e-25
    5.42161e-25
    4.33729e-25
    3.46983e-25
    2.77586e-25
    2.22069e-25
    1.77655e-25
    1.42124e-25
    1.13699e-25
    9.09595e-26
    7.27676e-26
    5.82141e-26
    4.65713e-26
     3.7257e-26
    2.98056e-26
    2.38445e-26
    1.90756e-26
    1.52605e-26
    1.22084e-26
     9.7667e-27
    7.81336e-27
    6.25069e-27
    5.00055e-27
    4.00044e-27
    3.20035e-27
    2.56028e-27
    2.04823e-27
    1.63858e-27
    1.31086e-27
    1.04869e-27
    8.38953e-28
    6.71162e-28
     5.3693e-28
    4.29544e-28
    3.43635e-28
    2.74908e-28
    2.19926e-28
    1.75941e-28
    1.40753e-28
    1.12602e-28
    9.00819e-29
    7.20655e-29
    5.76524e-29
    4.61219e-29
    3.68975e-29
     2.9518e-29
    2.36144e-29
    1.88915e-29
    1.51132e-29
    1.20906e-29
    9.67247e-30
    7.73798e-30
    6.19038e-30
     4.9523e-30
    3.96184e-30
    3.16947e-30
    2.53558e-30
    2.02846e-30
    1.62277e-30
    1.29822e-30
    1.03857e-30
    8.30859e-31
    6.64687e-31
     5.3175e-31
      4.254e-31
     3.4032e-31
    2.72256e-31
    2.17805e-31
    1.74244e-31
    1.39395e-31
    1.11516e-31
    8.92128e-32
    7.13702e-32
    5.70962e-32
    4.56769e-32
    3.65416e-32
    2.92332e-32
    2.33866e-32
    1.87093e-32
    1.49674e-32
    1.19739e-32
    9.57915e-33
    7.66332e-33
    6.13065e-33
    4.90452e-33
    3.92362e-33
     3.1389e-33
    2.51112e-33
    2.00889e-33
    1.60711e-33
    1.28569e-33
    1.02855e-33
    8.22843e-34
    6.58274e-34
    5.26619e-34
    4.21295e-34
    3.37036e-34
    2.69629e-34
    2.15703e-34
    1.72563e-34
     1.3805e-34
     1.1044e-34
     8.8352e-35
    7.06816e-35
    5.65453e-35
    4.52362e-35
     3.6189e-35
    2.89512e-35
     2.3161e-35
    1.85288e-35
     1.4823e-35
    1.18584e-35
    9.48673e-36
    7.58938e-36
    6.07151e-36
     4.8572e-36
    3.88576e-36
    3.10861e-36
    2.48689e-36
    1.98951e-36
    1.59161e-36
    1.27329e-36
    1.01863e-36
    8.14904e-37
    6.51923e-37
    5.21538e-37
    4.17231e-37
    3.33785e-37
    2.67028e-37
    2.13622e-37
    1.70898e-37
    1.36718e-37
    1.09375e-37
    8.74996e-38
    6.99997e-38
    5.59998e-38
    4.47998e-38
    3.58398e-38
    2.86719e-38
    2.29375e-38
      1.835e-38
      1.468e-38
     1.1744e-38
     9.3952e-39
    7.51616e-39
    6.01293e-39
    4.81034e-39
    3.84827e-39
    3.07862e-39
     2.4629e-39
    1.97032e-39
    1.57625e-39
      1.261e-39
     1.0088e-39
    8.07041e-40
    6.45633e-40
    5.16507e-40
    4.13205e-40
    3.30564e-40
    2.64451e-40
    2.11561e-40
    1.69249e-40
    1.35399e-40
    1.08319e-40
    8.66554e-41
    6.93243e-41
    5.54595e-41
    4.43676e-41
    3.54941e-41
    2.83952e-41
    2.27162e-41
     1.8173e-41
    1.45384e-41
    1.16307e-41
    9.30455e-42
    7.44364e-42
    5.95491e-42
    4.76393e-42
    3.81115e-42
    3.04892e-42
    2.43913e-42
    1.95131e-42
    1.56104e-42
    1.24884e-42
    9.99069e-43
    7.99255e-43
    6.39404e-43
    5.11523e-43
    4.09219e-43
    3.27375e-43
      2.619e-43
     2.0952e-43
    1.67616e-43
    1.34093e-43
    1.07274e-43
    8.58194e-44
    6.86555e-44
    5.49244e-44
    4.39395e-44
    3.51516e-44
    2.81213e-44
     2.2497e-44
    1.79976e-44
    1.43981e-44
    1.15185e-44
    9.21478e-45
    7.37183e-45
    5.89746e-45
    4.71797e-45
    3.77437e-45
     3.0195e-45
     2.4156e-45
    1.93248e-45
    1.54598e-45
    1.23679e-45
     9.8943e-46
    7.91544e-46
    6.33235e-46
    5.06588e-46
     4.0527e-46
    3.24216e-46
    2.59373e-46
    2.07498e-46
    1.65999e-46
    1.32799e-46
    1.06239e-46
    8.49914e-47
    6.79931e-47
    5.43945e-47
    4.35156e-47
    3.48125e-47
      2.785e-47
      2.228e-47
     1.7824e-47
    1.42592e-47
    1.14073e-47
    9.12588e-48
     7.3007e-48
    5.84056e-48
    4.67245e-48
    3.73796e-48
    2.99037e-48
    2.39229e-48
    1.91384e-48
    1.53107e-48
    1.22485e-48
    9.79884e-49
    7.83907e-49
    6.27125e-49
      5.017e-49
     4.0136e-49
    3.21088e-49
    2.56871e-49
    2.05496e-49
    1.64397e-49
    1.31518e-49
    1.05214e-49
    8.41714e-50
    6.73371e-50
    5.38697e-50
    4.30957e-50
    3.44766e-50
    2.75813e-50
     2.2065e-50
     1.7652e-50
    1.41216e-50
    1.12973e-50
    9.03783e-51
    7.23026e-51
    5.78421e-51
    4.62737e-51
     3.7019e-51
    2.96152e-51
    2.36921e-51
    1.89537e-51
     1.5163e-51
    1.21304e-51
     9.7043e-52
    7.76344e-52
    6.21075e-52
     4.9686e-52
    3.97488e-52
     3.1799e-52
    2.54392e-52
    2.03514e-52
    1.62811e-52
              0
