     0.00941634
      0.0377977
      0.0405611
      0.0402984
      0.0417039
      0.0336656
      0.0295836
      0.0241381
      0.0200816
      0.0164185
         0.0142
      0.0162001
      0.0352472
      0.0293443
      0.0302318
      0.0285955
      0.0285579
       0.025582
      0.0245784
      0.0212078
      0.0191145
      0.0179886
       0.590743
       0.154574
       0.112747
      0.0820434
       0.024412
      0.0186466
      0.0199955
      0.0162662
       0.175625
       0.142729
      0.0133219
      0.0106159
       0.010802
     0.00953982
      0.0116707
      0.0105142
      0.0114848
      0.0732936
     0.00901848
       0.115952
     0.00783161
     0.00818348
     0.00780563
      0.0495805
      0.0810938
     0.00762351
     0.00683733
      0.0356286
      0.0276921
      0.0348975
      0.0354411
      0.0344256
      0.0250381
     0.00423777
     0.00394328
     0.00407356
       0.043546
     0.00410436
      0.0171622
     0.00414287
      0.0308999
      0.0167748
     0.00371753
     0.00288937
      0.0028894
     0.00228153
     0.00213871
     0.00259025
      0.0223954
     0.00201124
     0.00258508
     0.00240091
     0.00195189
      0.0111319
      0.0152873
      0.0016146
      0.0015254
     0.00128304
      0.0104685
     0.00122574
     0.00109841
     0.00545308
     0.00109468
      0.0189923
      0.0239202
      0.0101736
    0.000880079
    0.000788114
      0.0195233
    0.000761097
    0.000794292
     0.00569929
     0.00513693
    0.000819699
     0.00368121
     0.00783008
     0.00478855
     0.00642063
     0.00386088
     0.00487531
    0.000410814
    0.000514209
     0.00528853
    0.000362734
     0.00179001
     0.00602106
    0.000370972
     0.00309641
     0.00237612
     0.00244878
     0.00325521
    0.000324117
     0.00234797
     0.00118185
      0.0015896
    0.000235174
    0.000258688
     0.00203881
    0.000900484
    0.000192484
    0.000279116
    0.000627641
    0.000201503
    0.000791556
    0.000179878
    0.000765693
    0.000141384
    0.000115549
    0.000334735
     0.00074436
    0.000121058
    0.000743462
    0.000104534
    0.000112603
    0.000387008
    0.000100183
    8.34337e-05
    8.31659e-05
    8.61275e-05
    7.46026e-05
    8.79785e-05
    8.50422e-05
    0.000695511
    0.000502012
    6.81949e-05
    5.94401e-05
    0.000255167
      0.0006747
    4.34437e-05
     0.00129401
    4.68836e-05
    0.000961239
    0.000181905
    0.000104181
    0.000179302
    4.07796e-05
    0.000235448
     0.00117333
    0.000167269
    0.000225813
    2.85813e-05
     2.9208e-05
    0.000159074
    0.000318447
    2.58522e-05
    0.000119462
    2.32696e-05
    2.50335e-05
    0.000123496
    2.18302e-05
    1.88468e-05
    1.68753e-05
    5.69555e-05
    1.30177e-05
    1.30889e-05
    1.50694e-05
    0.000212878
    1.40125e-05
    1.46783e-05
    4.42234e-05
    2.18147e-05
    1.19021e-05
    3.98003e-05
    2.94758e-05
    9.99109e-05
    1.01788e-05
    4.70627e-05
    2.55934e-05
    7.02587e-05
    3.81888e-05
    2.16596e-05
    2.16243e-05
    7.48204e-06
    7.40287e-06
    5.50508e-06
    6.02356e-06
    4.66877e-05
    4.60989e-06
    4.54175e-06
    4.63361e-06
    1.34648e-05
    4.83001e-06
    1.03631e-05
     9.1388e-06
    3.84568e-06
    4.13896e-05
    3.34727e-06
     2.9562e-06
    3.46303e-06
    2.19626e-05
    9.61496e-06
    4.72197e-05
    7.17694e-06
    3.64681e-06
    2.47015e-06
    6.93254e-06
    2.88925e-06
    4.40913e-06
    2.10806e-06
    2.18885e-06
    1.71826e-06
    6.14541e-06
    4.56138e-06
    2.67128e-06
    1.81988e-06
    6.10139e-06
    4.53399e-06
    1.79272e-06
    1.07997e-05
    1.61493e-06
    4.33936e-05
    6.80868e-06
    1.21364e-06
     1.0739e-06
    2.44618e-06
    1.64201e-06
    1.05999e-06
     1.3975e-06
    9.53359e-07
    9.41304e-07
    9.90816e-06
    2.07847e-05
    7.76454e-07
    2.57839e-06
    6.78784e-07
    6.65096e-07
    2.62106e-05
    1.67636e-05
    2.58663e-06
    4.34875e-06
    2.91259e-05
    5.69976e-07
    5.42845e-07
    4.75904e-07
    4.99237e-07
    1.87584e-05
    6.46396e-06
    3.99853e-07
    1.68516e-06
    6.97294e-07
    9.53144e-06
    4.58214e-07
    4.60653e-06
    6.34777e-07
    4.46288e-07
    6.39556e-06
    3.27669e-07
    3.93072e-07
    2.17499e-06
    3.12129e-06
     2.8243e-07
    2.86954e-07
    2.62792e-07
    2.41151e-07
    4.94176e-07
    1.42944e-06
    1.71913e-07
    1.58706e-07
    1.64567e-07
    1.62313e-07
    1.05987e-06
    7.00845e-07
    2.94287e-07
    4.60262e-07
    8.68347e-07
    7.40176e-07
    1.01009e-06
    1.34982e-07
    1.01054e-07
    1.06376e-07
    2.63387e-07
    1.24769e-07
    8.29934e-07
    1.03141e-07
    1.23703e-07
    1.37431e-07
    9.23797e-08
    8.23755e-08
    7.17923e-08
    4.83794e-07
    6.19583e-08
    1.37261e-07
     5.4375e-08
    1.52063e-07
     7.0385e-08
    9.49898e-07
    7.73787e-08
    8.69578e-08
    1.25749e-07
    4.80811e-08
    4.37769e-08
    1.56156e-07
    5.45817e-08
    6.72058e-08
    5.31812e-08
    4.52466e-08
    4.29997e-08
    5.22086e-08
    1.18471e-07
    1.39791e-07
     4.2329e-08
     3.5634e-08
    3.25376e-08
    4.23336e-08
    2.78868e-08
    2.91183e-08
    2.77043e-08
     3.1858e-08
    2.70335e-08
    2.55819e-08
    2.97413e-08
    2.54957e-08
    2.43291e-08
    2.04719e-08
    1.91812e-08
    8.24239e-08
    9.02851e-07
    1.55952e-08
    1.57004e-08
    1.85082e-08
    4.27334e-08
    2.55109e-08
     1.6693e-08
    1.96899e-08
    5.90366e-08
    1.55886e-08
    2.53948e-08
    4.21271e-07
    3.66838e-08
    1.88802e-08
    9.53034e-09
    1.23609e-08
    1.79367e-08
    9.29168e-09
    1.05132e-08
    8.84596e-09
    9.11036e-09
    6.94693e-09
    6.36052e-09
    5.59718e-09
    4.88763e-09
     1.0848e-08
    6.79503e-09
    6.68035e-09
    7.08538e-09
    2.91024e-08
    6.08676e-09
    7.23017e-09
    5.20123e-09
    4.33764e-09
    4.43317e-09
    3.71319e-09
    9.09755e-08
    3.66872e-09
    3.19747e-09
    5.89555e-09
    3.34898e-09
    3.70309e-09
     5.9731e-09
    3.20377e-09
    3.74786e-09
    4.45155e-09
     2.6904e-09
    2.05797e-09
    1.98783e-09
    1.89788e-09
    2.70841e-09
    2.44794e-09
    5.76384e-09
    2.62714e-09
    4.23555e-09
    1.96765e-09
    1.73287e-09
    1.62539e-09
    1.37372e-09
    1.30753e-09
    1.18331e-09
    1.60444e-09
    1.59541e-09
    3.42487e-09
    1.57371e-09
    1.33864e-09
    1.57671e-09
    5.32781e-09
    1.03622e-09
    8.95935e-10
    8.25101e-10
    6.84128e-10
    7.47108e-10
    4.12876e-08
    1.11492e-09
     3.5317e-08
    1.27694e-09
    7.91073e-10
    2.08314e-09
    6.67311e-10
    6.27602e-10
    1.84262e-09
     4.5644e-10
    4.53994e-10
    5.83305e-10
    4.93475e-10
    6.49782e-10
     1.3359e-08
    5.68238e-10
    6.47834e-10
    4.90411e-10
     5.7288e-10
    3.69138e-10
    8.81136e-08
    2.77073e-10
    6.58615e-08
    2.67096e-10
    6.24616e-09
    3.78014e-10
    4.04154e-10
    4.20028e-10
    3.59689e-10
    3.29068e-10
    2.90946e-10
    2.46923e-10
    2.22478e-10
    1.87251e-10
    1.71426e-10
     2.5606e-10
    2.63015e-10
    2.40999e-10
    2.44987e-10
    2.31125e-10
    3.17767e-10
    1.81514e-10
    2.58987e-10
    1.42573e-10
    1.89123e-08
    1.08605e-10
    1.28814e-08
    1.20984e-10
    1.47741e-10
    1.51984e-10
    1.42018e-08
    1.40968e-10
    8.81681e-09
     1.1514e-10
    1.09188e-10
    1.14649e-10
    8.54765e-11
     6.9679e-11
    1.10323e-10
    7.49424e-11
    1.21807e-10
    1.01533e-10
    1.10164e-10
    8.83368e-11
    9.29134e-11
    6.87284e-11
    7.61125e-11
    5.31281e-11
    4.79969e-11
    4.03306e-11
    4.70655e-11
    5.65772e-11
    6.64323e-11
    6.34024e-11
    6.82774e-11
    5.23164e-11
    5.11574e-11
    4.31749e-11
    3.82244e-11
    3.11457e-11
    2.60412e-11
    2.19345e-11
    3.79102e-11
    2.80566e-11
    4.94955e-11
    3.95049e-11
    4.33056e-11
    3.45036e-11
    3.45912e-11
    2.54514e-11
    2.36255e-11
    1.76887e-11
    1.51407e-11
    1.74961e-11
     1.8991e-11
    2.55202e-11
    2.57529e-11
    2.52491e-11
    2.51605e-11
    2.01239e-11
    1.81293e-11
    1.65945e-11
    1.50004e-11
    1.29254e-11
    1.02603e-11
    1.78852e-11
    1.05445e-11
    2.08837e-11
    1.53431e-11
    1.68991e-11
    1.36848e-11
    1.17227e-11
    9.37016e-12
    7.59473e-12
    6.07336e-12
    4.87094e-12
    3.89645e-12
    5.33781e-12
    5.83963e-12
    9.63561e-12
    9.42698e-12
    1.00508e-11
    7.73494e-12
     6.6019e-12
    5.21345e-12
    4.22738e-12
    3.37231e-12
      2.705e-12
     2.1628e-12
    6.12377e-12
    3.85204e-12
     8.0582e-12
    5.32516e-12
    5.88292e-12
    4.38735e-12
    3.77597e-12
    2.96334e-12
    2.40684e-12
    1.91759e-12
    1.53862e-12
    1.22991e-12
    2.01062e-12
    3.03185e-12
    3.41258e-12
    3.01459e-12
    2.47327e-12
    2.02696e-12
    1.62442e-12
    1.30666e-12
    1.04541e-12
    8.37281e-13
    6.69823e-13
    2.56715e-12
    1.25568e-12
    3.04039e-12
    1.72148e-12
    1.91933e-12
     1.3971e-12
    1.19593e-12
     9.3743e-13
    7.59787e-13
    6.05442e-13
    4.85531e-13
    3.88141e-13
    7.85137e-13
    9.63637e-13
     1.3218e-12
      1.262e-12
    1.20933e-12
    9.43469e-13
    7.91777e-13
    6.26758e-13
    5.06869e-13
    4.04464e-13
    3.24296e-13
    2.59301e-13
    1.14674e-12
    5.48365e-13
    7.41409e-13
    5.15364e-13
    4.57139e-13
    3.54608e-13
    2.89377e-13
    2.30119e-13
    1.84778e-13
    1.47658e-13
    1.18207e-13
    9.45461e-14
    7.56463e-14
    6.05148e-14
    4.84129e-14
    3.87301e-14
    3.09842e-14
    2.47873e-14
    1.98299e-14
    1.58639e-14
    1.26911e-14
    1.01529e-14
    8.12231e-15
    6.49785e-15
    5.19828e-15
    4.15862e-15
     3.3269e-15
    2.66152e-15
    2.12921e-15
    1.70337e-15
     1.3627e-15
    1.09016e-15
    8.72126e-16
    6.97701e-16
    5.58161e-16
    4.46529e-16
    3.57223e-16
    2.85778e-16
    2.28623e-16
    1.82898e-16
    1.46319e-16
    1.17055e-16
    9.36439e-17
    7.49151e-17
    5.99321e-17
    4.79457e-17
    3.83565e-17
    3.06852e-17
    2.45482e-17
    1.96385e-17
    1.57108e-17
    1.25687e-17
    1.00549e-17
    8.04395e-18
    6.43516e-18
    5.14813e-18
     4.1185e-18
     3.2948e-18
    2.63584e-18
    2.10867e-18
    1.68694e-18
    1.34955e-18
    1.07964e-18
    8.63712e-19
     6.9097e-19
    5.52776e-19
    4.42221e-19
    3.53776e-19
    2.83021e-19
    2.26417e-19
    1.81134e-19
    1.44907e-19
    1.15925e-19
    9.27404e-20
    7.41923e-20
    5.93538e-20
    4.74831e-20
    3.79865e-20
    3.03892e-20
    2.43113e-20
    1.94491e-20
    1.55593e-20
    1.24474e-20
    9.95792e-21
    7.96634e-21
    6.37307e-21
    5.09846e-21
    4.07876e-21
    3.26301e-21
    2.61041e-21
    2.08833e-21
    1.67066e-21
    1.33653e-21
    1.06922e-21
    8.55379e-22
    6.84303e-22
    5.47443e-22
    4.37954e-22
    3.50363e-22
    2.80291e-22
    2.24232e-22
    1.79386e-22
    1.43509e-22
    1.14807e-22
    9.18456e-23
    7.34765e-23
    5.87812e-23
     4.7025e-23
      3.762e-23
     3.0096e-23
    2.40768e-23
    1.92614e-23
    1.54091e-23
    1.23273e-23
    9.86185e-24
    7.88948e-24
    6.31158e-24
    5.04927e-24
    4.03941e-24
    3.23153e-24
    2.58522e-24
    2.06818e-24
    1.65454e-24
    1.32363e-24
    1.05891e-24
    8.47126e-25
    6.77701e-25
    5.42161e-25
    4.33729e-25
    3.46983e-25
    2.77586e-25
    2.22069e-25
    1.77655e-25
    1.42124e-25
    1.13699e-25
    9.09595e-26
    7.27676e-26
    5.82141e-26
    4.65713e-26
     3.7257e-26
    2.98056e-26
    2.38445e-26
    1.90756e-26
    1.52605e-26
    1.22084e-26
     9.7667e-27
    7.81336e-27
    6.25069e-27
    5.00055e-27
    4.00044e-27
    3.20035e-27
    2.56028e-27
    2.04823e-27
    1.63858e-27
    1.31086e-27
    1.04869e-27
    8.38953e-28
    6.71162e-28
     5.3693e-28
    4.29544e-28
    3.43635e-28
    2.74908e-28
    2.19926e-28
    1.75941e-28
    1.40753e-28
    1.12602e-28
    9.00819e-29
    7.20655e-29
    5.76524e-29
    4.61219e-29
    3.68975e-29
     2.9518e-29
    2.36144e-29
    1.88915e-29
    1.51132e-29
    1.20906e-29
    9.67247e-30
    7.73798e-30
    6.19038e-30
     4.9523e-30
    3.96184e-30
    3.16947e-30
    2.53558e-30
    2.02846e-30
    1.62277e-30
    1.29822e-30
    1.03857e-30
    8.30859e-31
    6.64687e-31
     5.3175e-31
      4.254e-31
     3.4032e-31
    2.72256e-31
    2.17805e-31
    1.74244e-31
    1.39395e-31
    1.11516e-31
    8.92128e-32
    7.13702e-32
    5.70962e-32
    4.56769e-32
    3.65416e-32
    2.92332e-32
    2.33866e-32
    1.87093e-32
    1.49674e-32
    1.19739e-32
    9.57915e-33
    7.66332e-33
    6.13065e-33
    4.90452e-33
    3.92362e-33
     3.1389e-33
    2.51112e-33
    2.00889e-33
    1.60711e-33
    1.28569e-33
    1.02855e-33
    8.22843e-34
    6.58274e-34
    5.26619e-34
    4.21295e-34
    3.37036e-34
    2.69629e-34
    2.15703e-34
    1.72563e-34
     1.3805e-34
     1.1044e-34
     8.8352e-35
    7.06816e-35
    5.65453e-35
    4.52362e-35
     3.6189e-35
    2.89512e-35
     2.3161e-35
    1.85288e-35
     1.4823e-35
    1.18584e-35
    9.48673e-36
    7.58938e-36
    6.07151e-36
     4.8572e-36
    3.88576e-36
    3.10861e-36
    2.48689e-36
    1.98951e-36
    1.59161e-36
    1.27329e-36
    1.01863e-36
    8.14904e-37
    6.51923e-37
    5.21538e-37
    4.17231e-37
    3.33785e-37
    2.67028e-37
    2.13622e-37
    1.70898e-37
    1.36718e-37
    1.09375e-37
    8.74996e-38
    6.99997e-38
    5.59998e-38
    4.47998e-38
    3.58398e-38
    2.86719e-38
    2.29375e-38
      1.835e-38
      1.468e-38
     1.1744e-38
     9.3952e-39
    7.51616e-39
    6.01293e-39
    4.81034e-39
    3.84827e-39
    3.07862e-39
     2.4629e-39
    1.97032e-39
    1.57625e-39
      1.261e-39
     1.0088e-39
    8.07041e-40
    6.45633e-40
    5.16507e-40
    4.13205e-40
    3.30564e-40
    2.64451e-40
    2.11561e-40
    1.69249e-40
    1.35399e-40
    1.08319e-40
    8.66554e-41
    6.93243e-41
    5.54595e-41
    4.43676e-41
    3.54941e-41
    2.83952e-41
    2.27162e-41
     1.8173e-41
    1.45384e-41
    1.16307e-41
    9.30455e-42
    7.44364e-42
    5.95491e-42
    4.76393e-42
    3.81115e-42
    3.04892e-42
    2.43913e-42
    1.95131e-42
    1.56104e-42
    1.24884e-42
    9.99069e-43
    7.99255e-43
    6.39404e-43
    5.11523e-43
    4.09219e-43
    3.27375e-43
      2.619e-43
     2.0952e-43
    1.67616e-43
    1.34093e-43
    1.07274e-43
    8.58194e-44
    6.86555e-44
    5.49244e-44
    4.39395e-44
    3.51516e-44
    2.81213e-44
     2.2497e-44
    1.79976e-44
    1.43981e-44
    1.15185e-44
    9.21478e-45
    7.37183e-45
    5.89746e-45
    4.71797e-45
    3.77437e-45
     3.0195e-45
     2.4156e-45
    1.93248e-45
    1.54598e-45
    1.23679e-45
     9.8943e-46
    7.91544e-46
    6.33235e-46
    5.06588e-46
     4.0527e-46
    3.24216e-46
    2.59373e-46
    2.07498e-46
    1.65999e-46
    1.32799e-46
    1.06239e-46
    8.49914e-47
    6.79931e-47
    5.43945e-47
    4.35156e-47
    3.48125e-47
      2.785e-47
      2.228e-47
     1.7824e-47
    1.42592e-47
    1.14073e-47
    9.12588e-48
     7.3007e-48
    5.84056e-48
    4.67245e-48
    3.73796e-48
    2.99037e-48
    2.39229e-48
    1.91384e-48
    1.53107e-48
    1.22485e-48
    9.79884e-49
    7.83907e-49
    6.27125e-49
      5.017e-49
     4.0136e-49
    3.21088e-49
    2.56871e-49
    2.05496e-49
    1.64397e-49
    1.31518e-49
    1.05214e-49
    8.41714e-50
    6.73371e-50
    5.38697e-50
    4.30957e-50
    3.44766e-50
    2.75813e-50
     2.2065e-50
     1.7652e-50
    1.41216e-50
    1.12973e-50
    9.03783e-51
    7.23026e-51
    5.78421e-51
    4.62737e-51
     3.7019e-51
    2.96152e-51
    2.36921e-51
    1.89537e-51
     1.5163e-51
    1.21304e-51
     9.7043e-52
    7.76344e-52
    6.21075e-52
     4.9686e-52
    3.97488e-52
     3.1799e-52
    2.54392e-52
    2.03514e-52
    1.62811e-52
              0
