              0
              0
              0
              0
              0
              0
              0
              0
              0
              0
              0
              0
              0
              0
              0
              0
              0
              0
              0
              0
              0
              0
              0
              0
              0
              0
              0
              0
       0.844383
              0
              0
       0.341774
              0
              0
              0
              0
              0
              0
              0
              0
              0
              0
              0
              0
              0
        0.49981
              0
              0
              0
              0
              0
              0
              0
              0
              0
              0
              0
              0
              0
              0
      0.0496917
              0
              0
              0
              0
              0
              0
              0
              0
              0
              0
              0
              0
              0
              0
              0
      0.0496917
              0
              0
      0.0229774
      0.0337903
              0
              0
              0
      0.0156246
              0
              0
              0
              0
              0
              0
              0
              0
      0.0496917
              0
              0
      0.0496917
              0
              0
              0
              0
              0
              0
              0
              0
              0
              0
              0
              0
              0
              0
              0
              0
     0.00491289
              0
      0.0156246
              0
      0.0106248
              0
              0
              0
              0
              0
              0
              0
              0
              0
     0.00491289
              0
              0
              0
              0
     0.00105044
              0
              0
              0
              0
              0
              0
              0
              0
              0
              0
              0
              0
              0
              0
              0
              0
              0
              0
              0
              0
              0
              0
              0
              0
              0
              0
              0
              0
              0
              0
              0
              0
    0.000485725
              0
              0
              0
              0
              0
    0.000224599
              0
              0
              0
              0
              0
              0
              0
              0
              0
              0
              0
              0
              0
              0
              0
              0
              0
              0
              0
              0
              0
              0
    0.000152727
              0
              0
              0
              0
    0.000256582
              0
              0
              0
              0
              0
              0
              0
              0
              0
              0
              0
              0
              0
              0
              0
    0.000103855
              0
              0
              0
              0
              0
              0
              0
              0
              0
              0
    1.50998e-05
              0
              0
    1.50998e-05
    3.26552e-05
              0
              0
              0
              0
              0
              0
              0
              0
              0
              0
              0
              0
              0
              0
              0
              0
              0
              0
              0
              0
    2.19541e-06
              0
              0
              0
              0
              0
              0
              0
              0
              0
              0
              0
              0
              0
              0
    1.50998e-05
              0
              0
    3.22854e-06
              0
              0
              0
              0
              0
              0
              0
              0
              0
    3.22854e-06
              0
              0
              0
              0
              0
              0
              0
              0
              0
              0
              0
    4.69408e-07
              0
              0
              0
              0
              0
              0
              0
              0
              0
              0
              0
              0
              0
              0
              0
              0
              0
              0
              0
              0
              0
              0
              0
              0
              0
              0
    1.00366e-07
    4.64092e-08
              0
              0
              0
              0
              0
              0
              0
              0
              0
              0
              0
              0
              0
              0
              0
              0
              0
              0
              0
              0
              0
              0
              0
              0
              0
              0
    3.19198e-07
              0
              0
              0
    6.74759e-09
              0
    4.64092e-08
              0
              0
              0
    6.82488e-08
              0
              0
              0
              0
              0
              0
              0
              0
              0
              0
              0
              0
              0
              0
              0
              0
    9.92293e-09
              0
              0
              0
              0
    9.92293e-09
              0
              0
              0
              0
              0
              0
              0
              0
              0
              0
              0
              0
              0
              0
    9.92293e-09
              0
              0
              0
              0
              0
              0
              0
              0
              0
              0
              0
              0
              0
              0
              0
              0
              0
              0
              0
              0
              0
              0
              0
              0
              0
    9.92293e-09
              0
              0
              0
              0
              0
              0
              0
              0
              0
              0
              0
              0
              0
              0
              0
              0
              0
              0
              0
              0
              0
              0
              0
              0
              0
              0
              0
              0
              0
              0
              0
              0
              0
              0
              0
              0
              0
              0
              0
              0
              0
              0
              0
              0
              0
              0
              0
              0
              0
              0
              0
              0
              0
              0
              0
              0
              0
              0
              0
              0
              0
              0
              0
              0
              0
              0
              0
              0
              0
              0
              0
              0
              0
              0
              0
              0
              0
              0
              0
              0
              0
              0
              0
              0
              0
              0
              0
              0
              0
              0
              0
              0
              0
              0
              0
              0
              0
              0
              0
              0
              0
              0
              0
              0
              0
              0
              0
              0
              0
              0
              0
              0
              0
              0
              0
              0
              0
              0
              0
              0
              0
              0
              0
              0
              0
              0
              0
              0
              0
              0
              0
              0
              0
              0
              0
              0
              0
              0
              0
              0
              0
              0
              0
              0
              0
              0
              0
              0
              0
              0
              0
              0
              0
              0
              0
              0
              0
              0
              0
              0
              0
              0
              0
              0
              0
              0
              0
              0
              0
              0
              0
              0
              0
              0
              0
              0
              0
              0
              0
              0
              0
              0
              0
              0
              0
              0
              0
              0
              0
              0
              0
              0
              0
              0
              0
              0
              0
              0
              0
              0
              0
              0
              0
              0
              0
              0
              0
              0
              0
              0
              0
              0
              0
              0
              0
              0
              0
              0
              0
              0
              0
              0
              0
              0
              0
              0
              0
              0
              0
              0
              0
              0
              0
              0
              0
              0
              0
              0
              0
              0
              0
              0
              0
              0
              0
              0
              0
              0
              0
              0
              0
              0
              0
              0
              0
              0
              0
              0
              0
              0
              0
              0
              0
              0
              0
              0
              0
              0
              0
              0
              0
              0
              0
              0
              0
              0
              0
              0
              0
              0
              0
              0
              0
              0
              0
              0
              0
              0
              0
              0
              0
              0
              0
              0
              0
              0
              0
              0
              0
              0
              0
              0
              0
              0
              0
              0
              0
              0
              0
              0
              0
              0
              0
              0
              0
              0
              0
              0
              0
              0
              0
              0
              0
              0
              0
              0
              0
              0
              0
              0
              0
              0
              0
              0
              0
              0
              0
              0
              0
              0
              0
              0
              0
              0
              0
              0
              0
              0
              0
              0
              0
              0
              0
              0
              0
              0
              0
              0
              0
              0
              0
              0
              0
              0
              0
              0
              0
              0
              0
              0
              0
              0
              0
              0
              0
              0
              0
              0
              0
              0
              0
              0
              0
              0
              0
              0
              0
              0
              0
              0
              0
              0
              0
              0
              0
              0
              0
              0
              0
              0
              0
              0
              0
              0
              0
              0
              0
              0
              0
              0
              0
              0
              0
              0
              0
              0
              0
              0
              0
              0
              0
              0
              0
              0
              0
              0
              0
              0
              0
              0
              0
              0
              0
              0
              0
              0
              0
              0
              0
              0
              0
              0
              0
              0
              0
              0
              0
              0
              0
              0
              0
              0
              0
              0
              0
              0
              0
              0
              0
              0
              0
              0
              0
              0
              0
              0
              0
              0
              0
              0
              0
              0
              0
              0
              0
              0
              0
              0
              0
              0
              0
              0
              0
              0
              0
              0
              0
              0
              0
              0
              0
              0
              0
              0
              0
              0
              0
              0
              0
              0
              0
              0
              0
              0
              0
              0
              0
              0
              0
              0
              0
              0
              0
              0
              0
              0
              0
              0
              0
              0
              0
              0
              0
              0
              0
              0
              0
              0
              0
              0
              0
              0
              0
              0
              0
              0
              0
              0
              0
              0
              0
              0
              0
              0
              0
              0
              0
              0
              0
              0
              0
              0
              0
              0
              0
              0
              0
              0
              0
              0
              0
              0
              0
              0
              0
              0
              0
              0
              0
              0
              0
              0
              0
              0
              0
              0
              0
              0
              0
              0
